2.176184241387502305e+23 0.000000000000000000e+00
2.154045405076039160e+23 0.000000000000000000e+00
2.102188090967658531e+23 0.000000000000000000e+00
2.068283273688679354e+23 0.000000000000000000e+00
2.036934613111283363e+23 0.000000000000000000e+00
2.008628198405840757e+23 0.000000000000000000e+00
1.978309842025159233e+23 0.000000000000000000e+00
1.954641174114796128e+23 0.000000000000000000e+00
1.933657499709876679e+23 0.000000000000000000e+00
1.923163371026463504e+23 0.000000000000000000e+00
1.891421638940963614e+23 0.000000000000000000e+00
1.899122673464532114e+23 0.000000000000000000e+00
1.959374661647750408e+23 0.000000000000000000e+00
1.604788781637715404e+23 0.000000000000000000e+00
1.579512489438591792e+23 0.000000000000000000e+00
1.552983178424345302e+23 0.000000000000000000e+00
1.517506018329141266e+23 0.000000000000000000e+00
1.495840484030238519e+23 0.000000000000000000e+00
1.464035330395101599e+23 0.000000000000000000e+00
1.438125323957382687e+23 0.000000000000000000e+00
1.435022541890561486e+23 0.000000000000000000e+00
1.383612180683353909e+23 0.000000000000000000e+00
1.360059661207890601e+23 0.000000000000000000e+00
1.334120080403890459e+23 0.000000000000000000e+00
1.312164460501684548e+23 0.000000000000000000e+00
1.287691935315728007e+23 0.000000000000000000e+00
1.266003468366889657e+23 0.000000000000000000e+00
1.250876621413683886e+23 0.000000000000000000e+00
1.218453512139721692e+23 0.000000000000000000e+00
1.197116448228236025e+23 0.000000000000000000e+00
1.176627319766441305e+23 0.000000000000000000e+00
1.158100674841921947e+23 0.000000000000000000e+00
1.135362249490591635e+23 0.000000000000000000e+00
1.114556547218068147e+23 0.000000000000000000e+00
1.095434548338985984e+23 0.000000000000000000e+00
1.079889753146022471e+23 0.000000000000000000e+00
1.092817964717939181e+23 0.000000000000000000e+00
1.029181707614130243e+23 0.000000000000000000e+00
1.010905397720545766e+23 0.000000000000000000e+00
9.937613257383146947e+22 0.000000000000000000e+00
9.734263151236398816e+22 0.000000000000000000e+00
9.564279893560978833e+22 0.000000000000000000e+00
9.397787718251621594e+22 0.000000000000000000e+00
9.235403253803356311e+22 0.000000000000000000e+00
9.070290271788835065e+22 0.000000000000000000e+00
8.912818856124536481e+22 0.000000000000000000e+00
8.765253034049854767e+22 0.000000000000000000e+00
8.607215901059737610e+22 0.000000000000000000e+00
8.498534529548320086e+22 0.000000000000000000e+00
8.295893223229320331e+22 0.000000000000000000e+00
8.147930684888365977e+22 0.000000000000000000e+00
8.014498010492608237e+22 0.000000000000000000e+00
7.904106972275181355e+22 0.000000000000000000e+00
7.694969369323504245e+22 0.000000000000000000e+00
7.551738329976664175e+22 0.000000000000000000e+00
7.416607951974443044e+22 0.000000000000000000e+00
7.300599398796542922e+22 0.000000000000000000e+00
7.147421274412678329e+22 0.000000000000000000e+00
7.028190315243835176e+22 0.000000000000000000e+00
6.899036655693690674e+22 0.000000000000000000e+00
6.788451569305466280e+22 0.000000000000000000e+00
6.685869575255744525e+22 0.000000000000000000e+00
6.549032507158733154e+22 0.000000000000000000e+00
6.405820370361841929e+22 0.000000000000000000e+00
6.287949546995441677e+22 0.000000000000000000e+00
6.186337076819492916e+22 0.000000000000000000e+00
6.063760742120214128e+22 0.000000000000000000e+00
5.965525926956027504e+22 0.000000000000000000e+00
5.856573178094625699e+22 0.000000000000000000e+00
5.765643270208844150e+22 0.000000000000000000e+00
5.644202947576574719e+22 0.000000000000000000e+00
5.548082175926873987e+22 0.000000000000000000e+00
5.456371506551442322e+22 0.000000000000000000e+00
5.368412667176562563e+22 0.000000000000000000e+00
5.289686777274280234e+22 0.000000000000000000e+00
5.200163029300544746e+22 0.000000000000000000e+00
5.102018218128652947e+22 0.000000000000000000e+00
5.022052060916741885e+22 0.000000000000000000e+00
4.935506187350387039e+22 0.000000000000000000e+00
4.890178415664004334e+22 0.000000000000000000e+00
4.765693790878434119e+22 0.000000000000000000e+00
4.731196664993393987e+22 0.000000000000000000e+00
4.650747170172467518e+22 0.000000000000000000e+00
4.430808279727098089e+22 0.000000000000000000e+00
4.344961053031817177e+22 0.000000000000000000e+00
4.275933813753695227e+22 0.000000000000000000e+00
4.209742544037031707e+22 0.000000000000000000e+00
4.133589853025576000e+22 0.000000000000000000e+00
4.065490507477692082e+22 0.000000000000000000e+00
4.001506900678962420e+22 0.000000000000000000e+00
3.950073876333313864e+22 0.000000000000000000e+00
3.882537032026031967e+22 0.000000000000000000e+00
3.830183891127972659e+22 0.000000000000000000e+00
3.748200332900819377e+22 0.000000000000000000e+00
3.671742702796407623e+22 0.000000000000000000e+00
3.580453242989606181e+22 0.000000000000000000e+00
3.533684872681180732e+22 0.000000000000000000e+00
3.467858013082819651e+22 0.000000000000000000e+00
3.423063941493211687e+22 0.000000000000000000e+00
3.343699772633222899e+22 0.000000000000000000e+00
3.290443963037697180e+22 0.000000000000000000e+00
3.242978087182404262e+22 0.000000000000000000e+00
3.211544461741086107e+22 0.000000000000000000e+00
3.169340541967418366e+22 0.000000000000000000e+00
3.165854503537434899e+22 0.000000000000000000e+00
2.992821593750184028e+22 0.000000000000000000e+00
2.912204812211674992e+22 0.000000000000000000e+00
2.857758353671379852e+22 0.000000000000000000e+00
2.795953534105579369e+22 0.000000000000000000e+00
2.752438014471580733e+22 0.000000000000000000e+00
2.700424146104937873e+22 0.000000000000000000e+00
2.661687317705805057e+22 0.000000000000000000e+00
2.635353355935744524e+22 0.000000000000000000e+00
2.583220705727170478e+22 0.000000000000000000e+00
2.567486528378841439e+22 0.000000000000000000e+00
2.516671635757117053e+22 0.000000000000000000e+00
2.496048506544174871e+22 0.000000000000000000e+00
2.429054229787041805e+22 0.000000000000000000e+00
2.413042206962188550e+22 0.000000000000000000e+00
2.381398508774650125e+22 0.000000000000000000e+00
2.383736660637975472e+22 0.000000000000000000e+00
2.439366251175641245e+22 0.000000000000000000e+00
2.423506759098933707e+22 0.000000000000000000e+00
2.317411077173951857e+22 0.000000000000000000e+00
1.940926724653326323e+22 0.000000000000000000e+00
1.905823575826133051e+22 0.000000000000000000e+00
1.876375975335561894e+22 0.000000000000000000e+00
1.847105577463571703e+22 0.000000000000000000e+00
1.816251745135155269e+22 0.000000000000000000e+00
1.796001044761727625e+22 0.000000000000000000e+00
1.751503699886417641e+22 0.000000000000000000e+00
1.725793031057969670e+22 0.000000000000000000e+00
1.700951517587041996e+22 0.000000000000000000e+00
1.675899880926641704e+22 0.000000000000000000e+00
1.658220079535195842e+22 0.000000000000000000e+00
1.644176782753737474e+22 0.000000000000000000e+00
1.593010869972010376e+22 0.000000000000000000e+00
1.586454714528698047e+22 0.000000000000000000e+00
1.552485270842410376e+22 0.000000000000000000e+00
1.513537903257819546e+22 0.000000000000000000e+00
1.541742197545738070e+22 0.000000000000000000e+00
1.385908897895045661e+22 0.000000000000000000e+00
1.364139849766526779e+22 0.000000000000000000e+00
1.334736583276327705e+22 0.000000000000000000e+00
1.316429038168463062e+22 0.000000000000000000e+00
1.293129353386507056e+22 0.000000000000000000e+00
1.256543315520410092e+22 0.000000000000000000e+00
1.240753250950207400e+22 0.000000000000000000e+00
1.224732030214052879e+22 0.000000000000000000e+00
1.192375650953353966e+22 0.000000000000000000e+00
1.172075143141727299e+22 0.000000000000000000e+00
1.156421181488225688e+22 0.000000000000000000e+00
1.138745452155329577e+22 0.000000000000000000e+00
1.116246253622344129e+22 0.000000000000000000e+00
1.093018300232411539e+22 0.000000000000000000e+00
1.079133676702325224e+22 0.000000000000000000e+00
1.059790353176319335e+22 0.000000000000000000e+00
1.044558458926734193e+22 0.000000000000000000e+00
1.037482902291414725e+22 0.000000000000000000e+00
1.020718109380782221e+22 0.000000000000000000e+00
9.776243509714961302e+21 0.000000000000000000e+00
9.571358655333537939e+21 0.000000000000000000e+00
9.437705670676090716e+21 0.000000000000000000e+00
9.378783157916995158e+21 0.000000000000000000e+00
9.098720405336118788e+21 0.000000000000000000e+00
9.022771000731658879e+21 0.000000000000000000e+00
8.824105342826762469e+21 0.000000000000000000e+00
8.506538969003127210e+21 0.000000000000000000e+00
8.374941175415011541e+21 0.000000000000000000e+00
8.266496932558065893e+21 0.000000000000000000e+00
8.104363066158498185e+21 0.000000000000000000e+00
7.995403612244960870e+21 0.000000000000000000e+00
7.962086186662642057e+21 0.000000000000000000e+00
7.634075473514151805e+21 0.000000000000000000e+00
7.620552185434820575e+21 0.000000000000000000e+00
7.343087908250293633e+21 0.000000000000000000e+00
7.415789263242719658e+21 0.000000000000000000e+00
7.180694160511613272e+21 0.000000000000000000e+00
7.127190744762002964e+21 0.000000000000000000e+00
6.960549985334560031e+21 0.000000000000000000e+00
6.793964224433964974e+21 0.000000000000000000e+00
7.082143656943824142e+21 0.000000000000000000e+00
6.366067508592014000e+21 0.000000000000000000e+00
6.364407255070084694e+21 0.000000000000000000e+00
6.175191538319583347e+21 0.000000000000000000e+00
6.289215207503345746e+21 0.000000000000000000e+00
5.785325030297446646e+21 0.000000000000000000e+00
5.701892137942901588e+21 0.000000000000000000e+00
5.631366058103928783e+21 0.000000000000000000e+00
5.617107501554742591e+21 0.000000000000000000e+00
5.557715057061284282e+21 0.000000000000000000e+00
5.144555333345493385e+21 0.000000000000000000e+00
5.053440940123261764e+21 0.000000000000000000e+00
4.981195916985452462e+21 0.000000000000000000e+00
4.981315196087674339e+21 0.000000000000000000e+00
4.734271935240186364e+21 0.000000000000000000e+00
4.630296169972435517e+21 0.000000000000000000e+00
4.597218259163204289e+21 0.000000000000000000e+00
4.539518344078491124e+21 0.000000000000000000e+00
4.475660729867929911e+21 0.000000000000000000e+00
4.288466252069167170e+21 0.000000000000000000e+00
4.225427337643789648e+21 0.000000000000000000e+00
4.064863603140899897e+21 0.000000000000000000e+00
4.034635042741739848e+21 0.000000000000000000e+00
4.070827085577807987e+21 0.000000000000000000e+00
3.867673244531240731e+21 0.000000000000000000e+00
3.745907590198558982e+21 0.000000000000000000e+00
3.646462922033815618e+21 0.000000000000000000e+00
3.542921921019973730e+21 0.000000000000000000e+00
3.505875196206636335e+21 0.000000000000000000e+00
3.465857963146369040e+21 0.000000000000000000e+00
3.408483323233082802e+21 0.000000000000000000e+00
3.277593823792875438e+21 0.000000000000000000e+00
3.233102150901167030e+21 0.000000000000000000e+00
3.225505660121560646e+21 0.000000000000000000e+00
3.203144819408909631e+21 0.000000000000000000e+00
3.046115170008986288e+21 0.000000000000000000e+00
2.964003634578001494e+21 0.000000000000000000e+00
2.930792383739159642e+21 0.000000000000000000e+00
2.859686785293181518e+21 0.000000000000000000e+00
2.787697857816831197e+21 0.000000000000000000e+00
2.734557108302515798e+21 0.000000000000000000e+00
2.775703698839626580e+21 0.000000000000000000e+00
2.634974609938071945e+21 0.000000000000000000e+00
2.574999994665905684e+21 0.000000000000000000e+00
2.528277531881885925e+21 0.000000000000000000e+00
2.506761562777287393e+21 0.000000000000000000e+00
2.443511358956916179e+21 0.000000000000000000e+00
2.413728223158279864e+21 0.000000000000000000e+00
2.315504206730621354e+21 0.000000000000000000e+00
2.267277648382452302e+21 0.000000000000000000e+00
2.229243892028173713e+21 0.000000000000000000e+00
2.259843347289167102e+21 0.000000000000000000e+00
2.112172533591471555e+21 0.000000000000000000e+00
2.108977407318671753e+21 0.000000000000000000e+00
2.088710049954779103e+21 0.000000000000000000e+00
2.003259377425665491e+21 0.000000000000000000e+00
1.976253718008574247e+21 0.000000000000000000e+00
1.915570298352653304e+21 0.000000000000000000e+00
1.902149398186062774e+21 0.000000000000000000e+00
1.851693375049941123e+21 0.000000000000000000e+00
1.826842578921113256e+21 0.000000000000000000e+00
1.811170523950955626e+21 0.000000000000000000e+00
1.761664724466270208e+21 0.000000000000000000e+00
1.676868430586862371e+21 0.000000000000000000e+00
1.618448921007779217e+21 0.000000000000000000e+00
1.593698590816652755e+21 0.000000000000000000e+00
1.571428954894929756e+21 0.000000000000000000e+00
1.580520125532103246e+21 0.000000000000000000e+00
1.467084366280380908e+21 0.000000000000000000e+00
1.482133897461293646e+21 0.000000000000000000e+00
1.397089239208358838e+21 0.000000000000000000e+00
1.360921567180867764e+21 0.000000000000000000e+00
1.343911302714231620e+21 0.000000000000000000e+00
1.363669611368765456e+21 0.000000000000000000e+00
1.314788706171420934e+21 0.000000000000000000e+00
1.257582674206125982e+21 0.000000000000000000e+00
1.223367318842571751e+21 0.000000000000000000e+00
1.200943730714723484e+21 0.000000000000000000e+00
1.172389256618980540e+21 0.000000000000000000e+00
1.195419134318809448e+21 0.000000000000000000e+00
1.145959226018354561e+21 0.000000000000000000e+00
1.107541957930813358e+21 0.000000000000000000e+00
1.089800870015251382e+21 0.000000000000000000e+00
1.050325969182054285e+21 0.000000000000000000e+00
1.016195983240237548e+21 0.000000000000000000e+00
1.005526725502227579e+21 0.000000000000000000e+00
9.877848905266592481e+20 0.000000000000000000e+00
9.473607061687821926e+20 0.000000000000000000e+00
9.334982184789405860e+20 0.000000000000000000e+00
9.168843248681981051e+20 0.000000000000000000e+00
9.094235141729107313e+20 0.000000000000000000e+00
8.667505428403296666e+20 0.000000000000000000e+00
8.581351090520311726e+20 0.000000000000000000e+00
8.382885891478255043e+20 0.000000000000000000e+00
8.405816735747592684e+20 0.000000000000000000e+00
7.943583709787391263e+20 0.000000000000000000e+00
7.911572782167979459e+20 0.000000000000000000e+00
7.677970555315005686e+20 0.000000000000000000e+00
7.570962382253473137e+20 0.000000000000000000e+00
7.472428908564407910e+20 0.000000000000000000e+00
7.295893028230552617e+20 0.000000000000000000e+00
7.184237268949569372e+20 0.000000000000000000e+00
7.056727319864259379e+20 0.000000000000000000e+00
6.754729044182965944e+20 0.000000000000000000e+00
6.716185288577084293e+20 0.000000000000000000e+00
6.551095392925337518e+20 0.000000000000000000e+00
6.672797307999580324e+20 0.000000000000000000e+00
6.282851819194444677e+20 0.000000000000000000e+00
6.200405992264163656e+20 0.000000000000000000e+00
5.971221016589559398e+20 0.000000000000000000e+00
6.015355096374079652e+20 0.000000000000000000e+00
5.753661650009745654e+20 0.000000000000000000e+00
5.722548491629527695e+20 0.000000000000000000e+00
5.419129123122946376e+20 0.000000000000000000e+00
5.487490908288168755e+20 0.000000000000000000e+00
5.052973110094021919e+20 0.000000000000000000e+00
4.999538790481069998e+20 0.000000000000000000e+00
5.003628103867007631e+20 0.000000000000000000e+00
4.806984782137303368e+20 0.000000000000000000e+00
4.746243022560928072e+20 0.000000000000000000e+00
4.579647239452201452e+20 0.000000000000000000e+00
4.566619939451206369e+20 0.000000000000000000e+00
4.401983353624563548e+20 0.000000000000000000e+00
4.260025404038227558e+20 0.000000000000000000e+00
4.114661637934000374e+20 0.000000000000000000e+00
4.105839518663783875e+20 0.000000000000000000e+00
3.962819315762537431e+20 0.000000000000000000e+00
3.804853802678449603e+20 0.000000000000000000e+00
3.710349611209769615e+20 0.000000000000000000e+00
3.710268080057891553e+20 0.000000000000000000e+00
3.504496775399053066e+20 0.000000000000000000e+00
3.411870613554893292e+20 0.000000000000000000e+00
3.414505775439896248e+20 0.000000000000000000e+00
3.421651066515381289e+20 0.000000000000000000e+00
3.249393783741290250e+20 0.000000000000000000e+00
3.257202034642079580e+20 0.000000000000000000e+00
4.263112088467330826e+20 0.000000000000000000e+00
2.664954381634565243e+20 0.000000000000000000e+00
2.642589139698140119e+20 0.000000000000000000e+00
2.504928156498213601e+20 0.000000000000000000e+00
2.455999741700893245e+20 0.000000000000000000e+00
2.409863069595074888e+20 0.000000000000000000e+00
2.391974893871264563e+20 0.000000000000000000e+00
2.274120978860553339e+20 0.000000000000000000e+00
2.176991333259064115e+20 0.000000000000000000e+00
2.161038219291556905e+20 0.000000000000000000e+00
2.028135684672011305e+20 0.000000000000000000e+00
2.006825850476562022e+20 0.000000000000000000e+00
1.967062605404645622e+20 0.000000000000000000e+00
1.907537617498226360e+20 0.000000000000000000e+00
1.859570165879600251e+20 0.000000000000000000e+00
1.773835823718983270e+20 0.000000000000000000e+00
1.765304678471326761e+20 0.000000000000000000e+00
1.662494461585044275e+20 0.000000000000000000e+00
1.591819567831829381e+20 0.000000000000000000e+00
1.596272636915259474e+20 0.000000000000000000e+00
1.500165933138665472e+20 0.000000000000000000e+00
1.481295255478196634e+20 4.056783781743381600e+16
1.376642970049933804e+20 1.554346023398765000e+16
1.389157626757530911e+20 4.925160517209304800e+16
1.277687093556513997e+20 6.524025279333985600e+16
1.245267066337756283e+20 2.219173706772166080e+17
1.206359555037831660e+20 3.557600361357781120e+17
1.176894515028451328e+20 6.912921869929020160e+17
1.156431351464388526e+20 1.434811270373781248e+18
1.100737435072150733e+20 9.556295542180940800e+17
1.077211744530043699e+20 2.085245758894005760e+18
1.043146425645172818e+20 1.448929091983237376e+18
9.985090021183982797e+19 1.567130741992281856e+18
9.755190308260397056e+19 1.676878609746866688e+18
9.480047401675359846e+19 1.858936517269289984e+18
9.830930128812276122e+19 2.546842574452413952e+18
8.819821715773698867e+19 2.593889755133377536e+18
8.773597021589102592e+19 3.084216473593862656e+18
8.161159643671221043e+19 3.631715970216114176e+18
7.901702760237976781e+19 3.246633892887848448e+18
7.841268570439657062e+19 4.308127697663847424e+18
7.646584837074183782e+19 3.819221186320619520e+18
7.463092054313256550e+19 3.425725069468782080e+18
6.924862609961848832e+19 3.287498853906097664e+18
6.693647088527481242e+19 3.201700141924932096e+18
6.543681711134617600e+19 3.359934561159783936e+18
6.360874555736424448e+19 3.408428294654977024e+18
6.281713467279566438e+19 3.406732521600475136e+18
6.083882207286458778e+19 3.523826777489679872e+18
5.949005270822004326e+19 3.654872693078579712e+18
5.440612401625291981e+19 3.546967866302724096e+18
5.322433679570249318e+19 3.453873755755134464e+18
5.153646264019697664e+19 3.272940818221246976e+18
5.127830632550499942e+19 3.626992638025594368e+18
5.013287279423877939e+19 3.307546175229851648e+18
4.642871044326885786e+19 3.207718981965889024e+18
4.499189326953833267e+19 3.021775039969078272e+18
4.420906223869745562e+19 3.066121373426523648e+18
4.225008165644120883e+19 3.300420251457419776e+18
3.983048983312317645e+19 3.213869690137113088e+18
4.036074931182763213e+19 3.410012641763714048e+18
3.773383610416131277e+19 3.368171125471736320e+18
3.621888444301516390e+19 3.379023005340497920e+18
3.589532408944843571e+19 3.129627968317239296e+18
3.332191163498727834e+19 3.239342810481980416e+18
3.265775635867014349e+19 3.266030518133911552e+18
3.235970017275610317e+19 3.280260522805092352e+18
3.109726293201340826e+19 3.196674586238348800e+18
2.988229857009956454e+19 3.521834875381450752e+18
2.837095580771296051e+19 3.157153115986023936e+18
2.885806883114812621e+19 3.422939992409111040e+18
2.598200909896859648e+19 2.966492421914193920e+18
2.569484020865329562e+19 3.051858938773348352e+18
2.430191559076791910e+19 2.878597433588291072e+18
2.402894206504228454e+19 2.885600910713114112e+18
2.239690306400839680e+19 2.790285414310080000e+18
2.186564697810224742e+19 2.775519479056110080e+18
2.065945115987351142e+19 2.715884801379453440e+18
2.026836437664835584e+19 2.926074260168523776e+18
1.899209607619345613e+19 2.698061644859885056e+18
1.849618017499765555e+19 2.635614672900894208e+18
1.898352408292508877e+19 3.000687473934540800e+18
1.807372190837156454e+19 3.159949515355563520e+18
1.683925663881047654e+19 2.817327546249810944e+18
1.623050031409678950e+19 2.767214288534618112e+18
1.566412767148143616e+19 2.601462679979812864e+18
1.471726334215002522e+19 2.527771445556632064e+18
1.415609223388115354e+19 2.755637913439307776e+18
1.368771718275801293e+19 2.636517582590340096e+18
1.355332594584755610e+19 2.595172427892733440e+18
1.304659368618512794e+19 2.561272910873080320e+18
1.262262655568434790e+19 2.451345505955798528e+18
1.205513847759015117e+19 2.382622138160723456e+18
1.216729232807857357e+19 2.324797917299576832e+18
1.111729984918869811e+19 2.284210243565232896e+18
1.071919075869358080e+19 2.174495133082343168e+18
1.033508429637530419e+19 2.171407674866104320e+18
9.759822770130198528e+18 2.127926515069100032e+18
9.502101330045018112e+18 2.197240506026020352e+18
8.956490512493368320e+18 2.057866874284695296e+18
8.746849514184017920e+18 2.077786137990048256e+18
8.529247614348805120e+18 2.007114136768616192e+18
8.077307113095877632e+18 1.984544626916974080e+18
7.880000096831673344e+18 1.961040130350827264e+18
7.730812972114574336e+18 2.064550228380115712e+18
7.116334549961405440e+18 1.911716625330910208e+18
7.040101582873835520e+18 1.876687842064139264e+18
6.842580871089218560e+18 1.889888943532906496e+18
6.448422439966196736e+18 1.933156129450038528e+18
6.324127100564612096e+18 1.830155686481171968e+18
6.174608057582535680e+18 1.895160954216293888e+18
5.743171046673782784e+18 1.828667608406996736e+18
5.421900393346185216e+18 1.730425569990513920e+18
5.144841434915596288e+18 1.678230201180401152e+18
5.095661784731603968e+18 1.725002906780881152e+18
4.910793401058872320e+18 1.748311075450473728e+18
4.575508092935286784e+18 1.633654454049678080e+18
4.443131782071391232e+18 1.642534619740034304e+18
4.359401778104485888e+18 1.601454027681357568e+18
4.233218306272595968e+18 1.573514464750383616e+18
3.914278663124895232e+18 1.513386887255034880e+18
3.831992973338842112e+18 1.511378903130036224e+18
3.647870171286976000e+18 1.470818352792977152e+18
3.534803691158466560e+18 1.437150025832709120e+18
3.348114885280571392e+18 1.487638473109767936e+18
3.297960118474902016e+18 1.452267672828017152e+18
3.121467510295623680e+18 1.438934463612204800e+18
2.879355001213198848e+18 1.412638501230356224e+18
2.753112248702728704e+18 1.380471858403277312e+18
2.538859704075197952e+18 1.334618667837516544e+18
2.479585982449161728e+18 1.341873488300588032e+18
2.384789921989147136e+18 1.306404440619722752e+18
2.330652698436207616e+18 1.311523722709329920e+18
2.224005929762159360e+18 1.305313784984701184e+18
2.166200846154922496e+18 1.309394498416498688e+18
2.108454277199549184e+18 1.291989780408987392e+18
2.032064305123273984e+18 1.244300890794946048e+18
1.877677880856410112e+18 1.236954026237978112e+18
1.825594938653033216e+18 1.231880470594554368e+18
1.777059044520451584e+18 1.230901994728815872e+18
1.654384597556253952e+18 1.203870340143717376e+18
1.615985880912398080e+18 1.194524607783886336e+18
1.599540617848770048e+18 1.197937132115288064e+18
1.492576925651307264e+18 1.140921967883551488e+18
1.463831210051989248e+18 1.133292109276335104e+18
1.409754400193837568e+18 1.121678718975664384e+18
1.292425222609010176e+18 1.033839774850808064e+18
1.218875957081040896e+18 9.832334573732138240e+17
1.195110561074481664e+18 9.691770189262983680e+17
1.151313168031308032e+18 9.569468259273392640e+17
1.114385301025502592e+18 9.271946095001322240e+17
1.055406583415443200e+18 8.702424281440325120e+17
9.906048902954419200e+17 8.300693744218092800e+17
9.529757770224391680e+17 8.122434502557876480e+17
9.207841006259504640e+17 7.886908550486177280e+17
9.157189989724526080e+17 7.988773779529286400e+17
8.622618190518393600e+17 7.514078725795180800e+17
8.192791207704695040e+17 7.180645769336303360e+17
7.578274499769726720e+17 6.583576839300316160e+17
7.431373817628899840e+17 6.558753255235930880e+17
6.815139558093527040e+17 5.987778479373245440e+17
6.400672447240884480e+17 5.603249960767454720e+17
6.512976802812801280e+17 5.786442393305866240e+17
6.231030831393300480e+17 5.593475847110440320e+17
6.120828938357213440e+17 5.498123621621601280e+17
5.689118479297297920e+17 5.134012817239956480e+17
5.313868770029322240e+17 4.803390583934956160e+17
5.158150633885610880e+17 4.630158975322794880e+17
4.979813583531420800e+17 4.529219240955747200e+17
4.582871532474210560e+17 4.159054928895393280e+17
4.519633720596367360e+17 4.070018127617652480e+17
4.251452381790161280e+17 3.918645882856369920e+17
4.054730584994467200e+17 3.757987641759683200e+17
3.992833529497416320e+17 3.712231350842965120e+17
3.867525877821163520e+17 3.591277355678957440e+17
3.649253208416216320e+17 3.411027718670567040e+17
3.500192816203495680e+17 3.274380612102782720e+17
3.208920866944582400e+17 2.976962614370556160e+17
3.068979103671111680e+17 2.859720015217186880e+17
2.976612909970949760e+17 2.784452936587173120e+17
2.786489494328550080e+17 2.623033388816083520e+17
2.664569171875085120e+17 2.516803477146753920e+17
2.599161481362360640e+17 2.460229266747951360e+17
2.516672018051759040e+17 2.392083281424157120e+17
2.380036035985277440e+17 2.257172365665252480e+17
2.264567928104221760e+17 2.149795005613341120e+17
2.212760346224054720e+17 2.101875748148508800e+17
2.077097332612249280e+17 1.974649943273177280e+17
2.008615667381000640e+17 1.909237548151325440e+17
1.898849095876920960e+17 1.809276097147703360e+17
1.870358100587482240e+17 1.794354826437459200e+17
1.884464899494774080e+17 1.806590333297701760e+17
1.927585319158335680e+17 1.857532967724045760e+17
1.543835102227862400e+17 1.476815111343402240e+17
1.432414240735883840e+17 1.371108699892142720e+17
1.387009113991139680e+17 1.338715972024737440e+17
1.308537304500209280e+17 1.264004860368939520e+17
1.294463906425532320e+17 1.253779981966175040e+17
1.187177143148190240e+17 1.149845418393971040e+17
1.176771821180623200e+17 1.140370304873821120e+17
1.173320006631177120e+17 1.135609299507038720e+17
1.077123386379478560e+17 1.042921541493389440e+17
1.065176341585709440e+17 1.034498700641800480e+17
9.794185986530140800e+16 9.512060947678172800e+16
9.745922166955390400e+16 9.489641179727528000e+16
9.397085075188320000e+16 9.152751578716380800e+16
9.061112527503513600e+16 8.832110997899473600e+16
8.272832258467931200e+16 8.032519159972104000e+16
8.096446908518000000e+16 7.873783352530468800e+16
7.644727236025166400e+16 7.459484789186528000e+16
7.301239398321548800e+16 7.143545404266648000e+16
7.225591495488556800e+16 7.077735453944149600e+16
6.898784464551452000e+16 6.767113275605642400e+16
7.561207095347504000e+16 7.433942169891512000e+16
6.708117074127270400e+16 6.579547005513841600e+16
5.884064917882325600e+16 5.774629309465627200e+16
6.064058799963364800e+16 5.951661667682205600e+16
5.767109313457404800e+16 5.669522760107006400e+16
5.254476150956805600e+16 5.160813932501990400e+16
4.978228316210412000e+16 4.886530130678066400e+16
5.068398581659029600e+16 4.994197093344007200e+16
4.863540368395215200e+16 4.792706296067612000e+16
4.506122901058758400e+16 4.430307041415867200e+16
4.176711242761582400e+16 4.105257825156530400e+16
4.205950086110418400e+16 4.142200088390000800e+16
3.791574121958282400e+16 3.734428312954066400e+16
3.707115507935267200e+16 3.652000579261264000e+16
3.088374226360406800e+16 3.040971306654067200e+16
3.156538491151462800e+16 3.115759355195414000e+16
2.993803820082323600e+16 2.950834885644358800e+16
2.932833537189162800e+16 2.891845776898474400e+16
3.110199863292423600e+16 3.074015075329662800e+16
2.610436383922957600e+16 2.577495258525924400e+16
2.768662794870996800e+16 2.738253065691623200e+16
2.498248059875379200e+16 2.468426268278698000e+16
2.475684421763930800e+16 2.444872193071969200e+16
2.152260951187677600e+16 2.121082106770395600e+16
2.026240005932234800e+16 2.002591870296498000e+16
1.980683968108782400e+16 1.956442323320522800e+16
1.963328392080966800e+16 1.941310877256728400e+16
1.849556399386629200e+16 1.829330858987280000e+16
1.741281356778107600e+16 1.721607667212316800e+16
2.195985422813486800e+16 2.177833990914248000e+16
1.921841286908220400e+16 1.905397129252865200e+16
1.735201609213749600e+16 1.719309604385991800e+16
1.671679383705010200e+16 1.658966069755978000e+16
1.602441260096225200e+16 1.589191312594675400e+16
1.489458578289677000e+16 1.476778151356904200e+16
1.482954073667921200e+16 1.470492260746528600e+16
1.404032275804369000e+16 1.391920527723500200e+16
1.301349470485668400e+16 1.291645090608877000e+16
1.328346467534983400e+16 1.319829893996845200e+16
1.258082182590084000e+16 1.249835250526077600e+16
1.201319563962687200e+16 1.192534596080215600e+16
1.313789849486263400e+16 1.306475261839995400e+16
1.163300905276686200e+16 1.155652010756379600e+16
1.095541854040894000e+16 1.089265735111802400e+16
1.079644850529635200e+16 1.073013198166377600e+16
1.011514250556850800e+16 1.006092034936202000e+16
9.443883551596562000e+15 9.385717587565802000e+15
9.608804421508492000e+15 9.565737278549626000e+15
1.036890891784184800e+16 1.032600581958118000e+16
9.014487043699238000e+15 8.972764185575483000e+15
9.533545325108238000e+15 9.491835850720482000e+15
7.342262118155685000e+15 7.303878936557192000e+15
6.921613786390576000e+15 6.882447347108347000e+15
6.591539636548985000e+15 6.557361507533038000e+15
6.004615038399831000e+15 5.974069058805857000e+15
6.240288200998164000e+15 6.210529013159353000e+15
5.873498341024805000e+15 5.840697601636836000e+15
6.204496338959352000e+15 6.176479747264394000e+15
5.994281798285524000e+15 5.965172004203385000e+15
5.244853892723599000e+15 5.221116366040459000e+15
4.835522862115867000e+15 4.814915858499401000e+15
4.513536262058867000e+15 4.492774024835663000e+15
4.383576582764161000e+15 4.366433179721929500e+15
4.439631920974886500e+15 4.422728613922706500e+15
4.058113318458120500e+15 4.042535306412544000e+15
4.182531478212309000e+15 4.169503457690027000e+15
3.859406858916172000e+15 3.847047285669648500e+15
3.765919390082084000e+15 3.752908395591834500e+15
3.514761213476318000e+15 3.501949386608219500e+15
3.133382223537092000e+15 3.122796645181059000e+15
4.853338171399295000e+15 4.844237840215515000e+15
3.744677340909581000e+15 3.736458324260685500e+15
3.874305314149308500e+15 3.866041785714569500e+15
3.682464755599421000e+15 3.675811233847970500e+15
2.999023228568165500e+15 2.993003295763022000e+15
2.748595839769068000e+15 2.742485790548876500e+15
2.744455193068881500e+15 2.738407658496891000e+15
2.757613568443781500e+15 2.750745175720919000e+15
2.190845323071471000e+15 2.183867635918371250e+15
2.088017147138582250e+15 2.081559759708904250e+15
2.080426981885153000e+15 2.075374634840371000e+15
2.227565426127912250e+15 2.221710769538632250e+15
2.035801292046388500e+15 2.031207912664729000e+15
1.957247500708918500e+15 1.952924497591075250e+15
1.638671186087718750e+15 1.634388897312793750e+15
1.704140297945841250e+15 1.699797815894003500e+15
1.763219135233772500e+15 1.760130492810742500e+15
1.433742566546123750e+15 1.430556070422585500e+15
1.542493853128184000e+15 1.540118518296318250e+15
1.471784812142517500e+15 1.469404541961552250e+15
1.293148186107625500e+15 1.290861416911839250e+15
1.340736660460296500e+15 1.338552793199961750e+15
1.282867733964145750e+15 1.280707527530488500e+15
1.267057313835292500e+15 1.265068240019087000e+15
1.156853346166308500e+15 1.155015501638670750e+15
1.095188498688882750e+15 1.093467274553665375e+15
1.016797530710210000e+15 1.014936818739519875e+15
1.126731436847192500e+15 1.125274085835666750e+15
1.137541482553126250e+15 1.136079379190378000e+15
1.187801581543116250e+15 1.186331607593083250e+15
8.193149727247767500e+14 8.175681288461962500e+14
1.662520034591137250e+15 1.661100810983351250e+15
1.161686791192329250e+15 1.160413230858954500e+15
1.202708413056566000e+15 1.201360961799500750e+15
1.113804225839736125e+15 1.112831718580663000e+15
1.049659626477835500e+15 1.048826438396320250e+15
1.044514663181224000e+15 1.043764862258151750e+15
6.481472767001903750e+14 6.473689032025125000e+14
6.224874240145853750e+14 6.218354126256530000e+14
5.663875834963985000e+14 5.656529509609210000e+14
5.456075522897569375e+14 5.448981719983588750e+14
6.097246174239525000e+14 6.090586835959970000e+14
5.730367843388615000e+14 5.725268013657752500e+14
5.531785143526242500e+14 5.526712513979971250e+14
5.512796501425417500e+14 5.507847131235868125e+14
4.724726468900368125e+14 4.719881204249808750e+14
4.352062308899761250e+14 4.346798459685766250e+14
4.230778923350358125e+14 4.226309598552951250e+14
3.385548446409383750e+14 3.380829754843058125e+14
1.376128907645774500e+15 1.375716174537626000e+15
4.861550967118651875e+14 4.857442087481106250e+14
4.242792102182943750e+14 4.239017044065160625e+14
4.110065914918056250e+14 4.106957665754361250e+14
3.736739482759179375e+14 3.733439353461654375e+14
4.257247681105775000e+14 4.254133667377886875e+14
3.164591499557951250e+14 3.161762773402958750e+14
2.945189756124267500e+14 2.942808143523526250e+14
2.712412092274470625e+14 2.710286941217524688e+14
3.052299344897093125e+14 3.050120954437157500e+14
4.052663578567456250e+14 4.050356726635075000e+14
3.005946688304454375e+14 3.003710769297216250e+14
3.262575740192345625e+14 3.260713818820173750e+14
2.861846557340665625e+14 2.859795620987600625e+14
2.806094769731735938e+14 2.804526423394506875e+14
2.608869319700560312e+14 2.607381648403486875e+14
2.960233771112725000e+14 2.958923860772935000e+14
2.621177809945884375e+14 2.619838084444719688e+14
2.474269262885857500e+14 2.472794797576061562e+14
2.406917160679225312e+14 2.405421858533403750e+14
2.201531056427270938e+14 2.200198499658566875e+14
2.450653367903720000e+14 2.449258989894025938e+14
2.121938601057573750e+14 2.120950376796708125e+14
2.109126291731582188e+14 2.107321317253334062e+14
1.999584904644382188e+14 1.998623312762602812e+14
2.256184007206548125e+14 2.255571347737799375e+14
1.252698925046940000e+14 1.252083248357351719e+14
1.421370828941840625e+14 1.420818526213172188e+14
1.257121573921663125e+14 1.256538040463697812e+14
1.481939272068670938e+14 1.481164995230250938e+14
1.516713286272390312e+14 1.516208063177145000e+14
1.310351963805868594e+14 1.309790582550665156e+14
1.124728232982838281e+14 1.124276211064634531e+14
1.045765996953850312e+14 1.045249958178616406e+14
9.255912568270196875e+13 9.252672499889957812e+13
1.139143531658417969e+14 1.138786262108499219e+14
9.898207782151900000e+13 9.894613710337862500e+13
1.070580931639673125e+14 1.070255820747365312e+14
9.356952643073243750e+13 9.354004348459410938e+13
9.519776484863418750e+13 9.516708852375253125e+13
7.131677673704942188e+13 7.128760924208400000e+13
7.283319236512021875e+13 7.280042174071042188e+13
6.964368417899880469e+13 6.962158806410871875e+13
8.132526663089009375e+13 8.130375448897843750e+13
8.372169483456782812e+13 8.370008077310971875e+13
7.513943377057695312e+13 7.511444754940167188e+13
8.066257762975417188e+13 8.063826630333567188e+13
6.676148632560035156e+13 6.673363625228977344e+13
6.685827167466912500e+13 6.684379551230670312e+13
5.238208703255135156e+13 5.236196142394557812e+13
5.149175650897279688e+13 5.148083449122290625e+13
5.845610085447481250e+13 5.844455719729148438e+13
4.413767339397879688e+13 4.412683326793106250e+13
4.356651287658855469e+13 4.355319584842490625e+13
4.924850588808260156e+13 4.923984756791856250e+13
3.661126304069781250e+13 3.660254676517285156e+13
4.259852676014461719e+13 4.259002541124333594e+13
4.853015704881073438e+13 4.852314872140451562e+13
3.507701804918071484e+13 3.506958575075520312e+13
3.286462149984986719e+13 3.285790722497115234e+13
3.266047842713306250e+13 3.265371643783267188e+13
2.806501424752734375e+13 2.805852126500579688e+13
2.041479263771358203e+13 2.040811157970340625e+13
1.874982880570586328e+13 1.874289642010188281e+13
1.976462478002761719e+13 1.975691318888521094e+13
1.799636592387385547e+13 1.798878904965486719e+13
2.126328093453507422e+13 2.125508890268214844e+13
1.798188113483933984e+13 1.797273630515127344e+13
1.814003094834299219e+13 1.813481481622123828e+13
1.966481112257796484e+13 1.965722822543807422e+13
2.063306739559253125e+13 2.062963309794112891e+13
1.906258286424618359e+13 1.905856345358794531e+13
1.734728973468371484e+13 1.734454356455157422e+13
1.551608256758159375e+13 1.551359731458640039e+13
1.636522722845077930e+13 1.636277474720340039e+13
1.830573840552662109e+13 1.830330786416991797e+13
1.361715534564562109e+13 1.361480370979961328e+13
1.394295839644629688e+13 1.394055086446036719e+13
1.835751541538219922e+13 1.835510706575991406e+13
1.353439542095507422e+13 1.353190994789186328e+13
1.103770380063326367e+13 1.103520120236722266e+13
1.353175044843500391e+13 1.352903636927299023e+13
9.327732680987750000e+12 9.325285765767232422e+12
8.868048993576724609e+12 8.865433842646033203e+12
7.949802109189833008e+12 7.947420945955541992e+12
7.998811289597151367e+12 7.996541319510763672e+12
7.630155223076639648e+12 7.627720580976664062e+12
7.143794171493486328e+12 7.140961648577435547e+12
7.992438862504844727e+12 7.987805123489990234e+12
7.375027862704703125e+12 7.373488606146160156e+12
8.831141744512341797e+12 8.829701402212691406e+12
4.858436690021166992e+12 4.857076950898660156e+12
7.363047173818449219e+12 7.362193569816827148e+12
6.903696618346998047e+12 6.902818887519137695e+12
6.208029902354878906e+12 6.207086810668945312e+12
5.658944063552553711e+12 5.658007500334412109e+12
5.313704907586562500e+12 5.312690178444529297e+12
6.390434561121156250e+12 6.389562063725930664e+12
6.067425256366877930e+12 6.066488220587570312e+12
5.257197449474345703e+12 5.256304315255509766e+12
7.319944717464132812e+12 7.319051071258122070e+12
6.964472041843672852e+12 6.963437029424561523e+12
6.246815430750883789e+12 6.245281657480449219e+12
4.369902707129000000e+12 4.369067961119440918e+12
3.867745681260651855e+12 3.867202964392280273e+12
3.379510688726472168e+12 3.378319758727910156e+12
3.608144302729003418e+12 3.607944573789947266e+12
3.346394279755195801e+12 3.346200122591529297e+12
3.582871458683222656e+12 3.582648838188487793e+12
3.476349819849856445e+12 3.476105716982940918e+12
3.114026559651486816e+12 3.113888175542369629e+12
2.558678226305381836e+12 2.558536158029890137e+12
2.454966514128126953e+12 2.454818650018742676e+12
2.268300299826389160e+12 2.268143726080142578e+12
5.779046203281145508e+12 5.778822538828416016e+12
2.470379141989345703e+12 2.470224306723265137e+12
2.350765762295028809e+12 2.350595366803021973e+12
2.568094500608614258e+12 2.567893879953811523e+12
2.377510288908377441e+12 2.377293076519778320e+12
2.319940043029455566e+12 2.319812238924814453e+12
2.490623966073838867e+12 2.490465983587288086e+12
1.973975160154688965e+12 1.973777562468023682e+12
1.757882743257868652e+12 1.757290077800581543e+12
1.627712267298368652e+12 1.627694763859750732e+12
1.804744486232175781e+12 1.804740505097963135e+12
3.143289641433951660e+12 3.143285385175104980e+12
2.362872450507455566e+12 2.362867766183982422e+12
2.319226506979279297e+12 2.319226290543578125e+12
1.989922733820072266e+12 1.989922732662531982e+12
1.933740523016308350e+12 1.933740521375470947e+12
2.028103820531948975e+12 2.028103820531948975e+12
1.832771537737535889e+12 1.832771537737535889e+12
1.618883436339028809e+12 1.618883436339028809e+12
1.574307317434277344e+12 1.574307317434277344e+12
1.440264089470826172e+12 1.440264089470826172e+12
1.450097891526224854e+12 1.450097891526224854e+12
2.472119034834127441e+12 2.472119034834127441e+12
1.358274043347675049e+12 1.358274043347675049e+12
1.476931388537833496e+12 1.476931388537833496e+12
1.269292261079587402e+12 1.269292261079587402e+12
1.453777042658533203e+12 1.453777042658533203e+12
6.542430339108426514e+11 6.542430339108426514e+11
6.431789977874556885e+11 6.431789977874556885e+11
6.320491843090435791e+11 6.320491843090435791e+11
1.473683393173128906e+12 1.473683393173128906e+12
1.190652763072940186e+12 1.190652763072940186e+12
1.201037004653674805e+12 1.201037004653674805e+12
9.342300533288203125e+11 9.342300533288203125e+11
8.255105163180251465e+11 8.255105163180251465e+11
7.775657424765885010e+11 7.775657424765885010e+11
7.546300665372691650e+11 7.546300665372691650e+11
6.831242899491290283e+11 6.831242899491290283e+11
6.707142408932939453e+11 6.707142408932939453e+11
6.602362377021055908e+11 6.602362377021055908e+11
1.318714190755452393e+12 1.318714190755452393e+12
1.007523012144738159e+12 1.007523012144738159e+12
8.691693172082446289e+11 8.691693172082446289e+11
8.541613119983621826e+11 8.541613119983621826e+11
7.468808361718763428e+11 7.468808361718763428e+11
7.450771291739410400e+11 7.450771291739410400e+11
7.506490992584400635e+11 7.506490992584400635e+11
8.299158615591759033e+11 8.299158615591759033e+11
7.916484212068553467e+11 7.916484212068553467e+11
1.081203981511885132e+12 1.081203981511885132e+12
4.356988214389302979e+11 4.356988214389302979e+11
3.639397888620264893e+11 3.639397888620264893e+11
3.890223259929923706e+11 3.890223259929923706e+11
3.448469108520417480e+11 3.448469108520417480e+11
3.428537316405733643e+11 3.428537316405733643e+11
3.302037325569581299e+11 3.302037325569581299e+11
3.343706164951235962e+11 3.343706164951235962e+11
3.433739136768635864e+11 3.433739136768635864e+11
3.628613823219342651e+11 3.628613823219342651e+11
3.490074981074534302e+11 3.490074981074534302e+11
2.799609925871751709e+11 2.799609925871751709e+11
2.484820291396321106e+11 2.484820291396321106e+11
2.571501208442042542e+11 2.571501208442042542e+11
2.770018912525343628e+11 2.770018912525343628e+11
3.183516660875941162e+11 3.183516660875941162e+11
2.235208876201248779e+11 2.235208876201248779e+11
2.549827713671996155e+11 2.549827713671996155e+11
3.941806339775202637e+11 3.941806339775202637e+11
2.639237877362156677e+11 2.639237877362156677e+11
2.419444540053426208e+11 2.419444540053426208e+11
2.401149040126571655e+11 2.401149040126571655e+11
2.507682397816314697e+11 2.507682397816314697e+11
2.396969478987463379e+11 2.396969478987463379e+11
2.411813799654100647e+11 2.411813799654100647e+11
2.504255054054459839e+11 2.504255054054459839e+11
2.700038916074529419e+11 2.700038916074529419e+11
3.106902216983994141e+11 3.106902216983994141e+11
4.305185840312554932e+11 4.305185840312554932e+11
1.228029036831104431e+11 1.228029036831104431e+11
7.865656723992094421e+10 7.865656723992094421e+10
9.517185291481181335e+10 9.517185291481181335e+10
2.313149405914350891e+11 2.313149405914350891e+11
1.826340399788835144e+10 1.826340399788835144e+10
1.839517477769965744e+10 1.839517477769965744e+10
3.261116267209954834e+10 3.261116267209954834e+10
1.711993185869662857e+10 1.711993185869662857e+10
1.730929661729826736e+10 1.730929661729826736e+10
1.770436182812308121e+10 1.770436182812308121e+10
1.840656595147974777e+10 1.840656595147974777e+10
1.963269503232968521e+10 1.963269503232968521e+10
2.195476852930954742e+10 2.195476852930954742e+10
2.778750523167633820e+10 2.778750523167633820e+10
1.805247775085456085e+10 1.805247775085456085e+10
4.935734958296324730e+09 4.935734958296324730e+09
4.876433517773546219e+09 4.876433517773546219e+09
4.905276121301030159e+09 4.905276121301030159e+09
4.319048666920094490e+09 4.319048666920094490e+09
4.236967271847003937e+09 4.236967271847003937e+09
4.165473942138332844e+09 4.165473942138332844e+09
4.104606426200702667e+09 4.104606426200702667e+09
4.054607082267909050e+09 4.054607082267909050e+09
4.015957461511374950e+09 4.015957461511374950e+09
3.989432599529898167e+09 3.989432599529898167e+09
3.976184140354632854e+09 3.976184140354632854e+09
3.977867673957409382e+09 3.977867673957409382e+09
3.996840912544198513e+09 3.996840912544198513e+09
4.036480601032782078e+09 4.036480601032782078e+09
4.101708548442728043e+09 4.101708548442728043e+09
4.199907800033942223e+09 4.199907800033942223e+09
4.342619128203910828e+09 4.342619128203910828e+09
4.548940361887417793e+09 4.548940361887417793e+09
4.853089147237520218e+09 4.853089147237520218e+09
5.323867363369946480e+09 5.323867363369946480e+09
6.127067572911823273e+09 6.127067572911823273e+09
7.819578266137702942e+09 7.819578266137702942e+09
1.535305377804180336e+10 1.535305377804180336e+10
5.267193091762225589e-20 5.266502938927487040e-20
5.539510048375667137e-20 5.538858182550004369e-20
6.290615950411247613e-20 6.289925682796414991e-20
4.986541167307988188e-20 4.985558701382996256e-20
6.491527482051590886e-20 6.490921635846143444e-20
5.509105189499722424e-20 5.508378313917048691e-20
5.211326105207534860e-20 5.210893518951458260e-20
5.009604276946222823e-20 5.009169091873792253e-20
4.943443547158758639e-20 4.942987633326153763e-20
4.519283719322704210e-20 4.518862533806388775e-20
3.872618703866640809e-20 3.872193039786051015e-20
3.796828951065205251e-20 3.796384747252436669e-20
3.838982992141750455e-20 3.838585707728300101e-20
3.472141231430852338e-20 3.471735940640320439e-20
4.250122009769493436e-20 4.249702433088665354e-20
3.802375762161449594e-20 3.801934089410533658e-20
3.701172035691980833e-20 3.700673447391397343e-20
3.749635463649828115e-20 3.749028852275466968e-20
4.180807986007311146e-20 4.180550972785099658e-20
3.480013756299378847e-20 3.479790954795647714e-20
2.575257837948758555e-20 2.575034642883511670e-20
2.528452901238496699e-20 2.528226983438273515e-20
2.498247367966443399e-20 2.498013278643933261e-20
2.494278969704598830e-20 2.493986721176899555e-20
2.485866363814176840e-20 2.485680015088673709e-20
2.569694231492492008e-20 2.569508751044609315e-20
3.196327162101089569e-20 3.196141510510819625e-20
2.411577651300619216e-20 2.411388659209333885e-20
1.923323316835588465e-20 1.923144739604130568e-20
1.930478779071082207e-20 1.930299607852332360e-20
1.985667790520028156e-20 1.985487075127254809e-20
1.970337466830808696e-20 1.970153809548591250e-20
1.559482757355278866e-20 1.559293820850894078e-20
1.550716411958473139e-20 1.550517447074129856e-20
1.562114557403198455e-20 1.561889961941702994e-20
1.741569750328698019e-20 1.741408579417452583e-20
1.438854166884258953e-20 1.438682168292552347e-20
1.462975216921427788e-20 1.462779088683618550e-20
1.609090019988030498e-20 1.608608446018947485e-20
1.329024220089113451e-20 1.328871233274870859e-20
1.313513282927543499e-20 1.313430666807786140e-20
2.815241636223616366e-20 2.815161707500495798e-20
1.154976220987391882e-20 1.154896863123001499e-20
1.196554079980021719e-20 1.196474891745182410e-20
1.575214052739518390e-20 1.575133727477106089e-20
2.201392270221995636e-20 2.201316993106738284e-20
1.927895522206514318e-20 1.927820278010631324e-20
1.529391135646188840e-20 1.529315333938528220e-20
1.508767217191907745e-20 1.508689055436460028e-20
2.136314444062579109e-20 2.136243424585887260e-20
1.033895442019115055e-20 1.033823679651372513e-20
9.957280628810405384e-21 9.956546982196122219e-21
9.679425630620935863e-21 9.678658874454872598e-21
9.569261254501598839e-21 9.568402364683131057e-21
9.808026133953670307e-21 9.806132374384909827e-21
2.045249702438086135e-20 2.045191001646271767e-20
7.104523593782415530e-21 7.104060687589234836e-21
6.871321100437722123e-21 6.870862644026225802e-21
6.656540238905858214e-21 6.656085361592321826e-21
6.457870794797250496e-21 6.457418347115012306e-21
6.273554812408932335e-21 6.273102995477596668e-21
6.102256783613160954e-21 6.101801891548290662e-21
5.942991642548367729e-21 5.942518425912210766e-21
5.794977408614361338e-21 5.794559122057042267e-21
5.657978065791732898e-21 5.657560792053639927e-21
5.532235380419962971e-21 5.531817831861544849e-21
5.411527131946789503e-21 5.411107715205460794e-21
5.306087274025143351e-21 5.305663490800972417e-21
5.212573862884348171e-21 5.212139452188967034e-21
5.132728537394139746e-21 5.132304642657941177e-21
5.069863849795309488e-21 5.069427951098791396e-21
5.030325313322189558e-21 5.029865029741631419e-21
5.027973148647204851e-21 5.027532987924443734e-21
5.101092802982161303e-21 5.100621438823389565e-21
5.577900217484033341e-21 5.577378587196028036e-21
4.288580410465641121e-21 4.287883085465283557e-21
4.080563848918691082e-21 4.080293132051015939e-21
4.047776345453222339e-21 4.047473751360315434e-21
3.951727078683499057e-21 3.951464748828251693e-21
3.931093882826458988e-21 3.930911613068711421e-21
3.971647680333611010e-21 3.971464642961568352e-21
3.765286222763120542e-21 3.765101412401466265e-21
3.775288226355596992e-21 3.775099529297726277e-21
3.823135765336939096e-21 3.822928737901032962e-21
3.946242012481703717e-21 3.946061650053539217e-21
4.298378457015099596e-21 4.298194497366809457e-21
2.952372081786775255e-21 2.952182900586827681e-21
2.958623560995045026e-21 2.958426592312296288e-21
2.988464792196570122e-21 2.988255203575165116e-21
3.058575414190509213e-21 3.058338690293731676e-21
3.215416279223931200e-21 3.215200278852035663e-21
3.705569428876409376e-21 3.705372182467227196e-21
2.836042834105895026e-21 2.835817537653452974e-21
2.142287231315764793e-21 2.142000165337084682e-21
2.178673229594757595e-21 2.178001142118963446e-21
2.264981537749446467e-21 2.264953434301130257e-21
2.519522205116352164e-21 2.519494532250011970e-21
1.692503598510783743e-21 1.692476323361008297e-21
1.726468545723651746e-21 1.726441628420456238e-21
1.814021573816123375e-21 1.813994954257012596e-21
2.008158389837236015e-21 2.008131989200995821e-21
1.102121414390325986e-21 1.102095101417545424e-21
1.078459409675057920e-21 1.078432894674300704e-21
1.055829939979095777e-21 1.055801955939318962e-21
1.034233114810411446e-21 1.034209924671315107e-21
1.013698171706642557e-21 1.013675228871425645e-21
9.942530348321515838e-22 9.942302999504587294e-22
9.759489437155667813e-22 9.759263671991780113e-22
9.588632054717182285e-22 9.588407892087466116e-22
9.431109860267688442e-22 9.430886280155416576e-22
9.288640292134538061e-22 9.288416523658698549e-22
9.163835786633212111e-22 9.163610870957362641e-22
9.060803036630118805e-22 9.060575587660717982e-22
8.986327638980932535e-22 8.986095676314696764e-22
8.952463880617532057e-22 8.952224268284066703e-22
8.983037534000106771e-22 8.982784657790516772e-22
9.133714194835945168e-22 9.133435742926764653e-22
9.579985039560916470e-22 9.579639405443720717e-22
1.152666609531831055e-21 1.152655514134845912e-21
6.481715428510924814e-22 6.481605794903252079e-22
6.360643479517993616e-22 6.360534866084301981e-22
6.245088765920039323e-22 6.244980610228681531e-22
6.135136046158994782e-22 6.135030713507601277e-22
6.030932467180403937e-22 6.030827480389454583e-22
5.932689801006945657e-22 5.932584626075878848e-22
5.840718193478571621e-22 5.840612031316577040e-22
5.755461809950467090e-22 5.755353335133122187e-22
5.677558421091732480e-22 5.677445061283304904e-22
5.607938492779774257e-22 5.607813624792068176e-22
5.548017178155273508e-22 5.547842852824921194e-22
5.499743664571755917e-22 5.499682180656091779e-22
5.466921207881581683e-22 5.466861033096165907e-22
5.455708804935041495e-22 5.455649865589129105e-22
5.478607311575133813e-22 5.478549462136519752e-22
5.565497761719851692e-22 5.565431124753599754e-22
5.815763490500911902e-22 5.815708761169820330e-22
7.092603662388687168e-22 7.092550092160610568e-22
4.326835090688481518e-22 4.326782640415662572e-22
4.285599125686305020e-22 4.285547753431352117e-22
4.250575578501453401e-22 4.250525275092135524e-22
4.222471919457750563e-22 4.222422623010849870e-22
4.202223756987073818e-22 4.202175427281059339e-22
4.191089892107593828e-22 4.191042487227120113e-22
4.190802002743487104e-22 4.190755478219118087e-22
4.203811392577970483e-22 4.203765700102917691e-22
4.233718555784875607e-22 4.233673641201612375e-22
4.286074672418644747e-22 4.286030472375268022e-22
4.370019756805342772e-22 4.369976192793208566e-22
4.502081724690215461e-22 4.502038691377859425e-22
4.716824661114506134e-22 4.716782000408615332e-22
5.108162509773842195e-22 5.108119941011595853e-22
6.176169774446290578e-22 6.176126633497043652e-22
4.470580876236447577e-22 4.470533917822546476e-22
5.867942755908745429e-22 5.867907217577732204e-22
2.034016294405320078e-22 2.033981372238764322e-22
2.035419944564920898e-22 2.035385603507816417e-22
2.042522680926865251e-22 2.042488882937038196e-22
2.056494207266855152e-22 2.056460910130298228e-22
2.078956668975888218e-22 2.078923824561971828e-22
2.112228733708818151e-22 2.112196285299865343e-22
2.159752144323985977e-22 2.159720022334655217e-22
2.226886857141565307e-22 2.226854971854026676e-22
2.322520451278556304e-22 2.322488679582359211e-22
2.462700964274797942e-22 2.462669123008828268e-22
2.680189950369198224e-22 2.680157734936289393e-22
3.056180254938110228e-22 3.056147065249335599e-22
3.880673029014901064e-22 3.880637251491988663e-22
8.796312967714388854e-22 8.796262966385788147e-22
3.843130063759037999e-23 3.842914422533315454e-23
3.787184880840088478e-23 3.786973405336336855e-23
3.734095444019337397e-23 3.733887998397531196e-23
3.683907999145285794e-23 3.683704448640779949e-23
3.636683023924979186e-23 3.636483234504416599e-23
3.592497475607294017e-23 3.592301313574141976e-23
3.551447543569944956e-23 3.551254875105848982e-23
3.513652063622789867e-23 3.513462754246809868e-23
3.479256773378408957e-23 3.479070687300120591e-23
3.448439659744139896e-23 3.448256659077490400e-23
1.452956584164074173e-21 1.452954783602002926e-21
8.144240468125132577e-22 8.144222742426678500e-22
6.234713578427629415e-22 6.234696117543401991e-22
5.213782590108632407e-22 5.213765378143024325e-22
4.549860745423885751e-22 4.549843765422934768e-22
4.072078961166780468e-22 4.072062194748755741e-22
3.706314828294286272e-22 3.706298255132058003e-22
3.414502255753601816e-22 3.414485852826776705e-22
3.174836090357846781e-22 3.174819830833098837e-22
2.973846553493503582e-22 2.973830404975611097e-22
2.802762334171670719e-22 2.802746255826941939e-22
2.655676468643626492e-22 2.655660406152719962e-22
2.528565757409765679e-22 2.528549633337222846e-22
2.418764987631829176e-22 2.418748680827671530e-22
2.324730315200009029e-22 2.324713608753783442e-22
2.246060157936074094e-22 2.246042566394603857e-22
2.183897057520915672e-22 2.183876805925416923e-22
2.142217621769219610e-22 2.142206251686857573e-22
2.132528215594594349e-22 2.132516977320323591e-22
2.159731706042346729e-22 2.159720589856878562e-22
2.419936621389050311e-22 2.419925617179037425e-22
1.415326127433805756e-22 1.415315224606826472e-22
1.359715548414135019e-22 1.359704735796758419e-22
1.307764766564814838e-22 1.307754032279251670e-22
1.259125285562918339e-22 1.259114616876284325e-22
1.213496341476879186e-22 1.213485724615050083e-22
1.170617135488171532e-22 1.170606555403270816e-22
1.130260730036949549e-22 1.130250170113312381e-22
1.092229281879138349e-22 1.092218723556466887e-22
1.056350407077010271e-22 1.056339829360010917e-22
1.022474592923097224e-22 1.022463971732755146e-22
9.904737005208671675e-23 9.904630078202746464e-23
9.602408467509068338e-23 9.602300493405893792e-23
9.316923921616215633e-23 9.316814499803154567e-23
9.047737870157733028e-23 9.047626506720794186e-23
8.794737239787798466e-23 8.794623310432934752e-23
8.558592464666178459e-23 8.558475156710043093e-23
8.341750125381577537e-23 8.341628342359891819e-23
8.152036967872352224e-23 8.151909162522590729e-23
8.024440965227870983e-23 8.024304822203255301e-23
7.510748007052639545e-23 7.510599769341660769e-23
7.315866459734595779e-23 7.315699247808354476e-23
7.130233254132176637e-23 7.130031611771630984e-23
6.953461198127982125e-23 6.953170701091535429e-23
6.784730197334549499e-23 6.784730194886644815e-23
6.624360864401239305e-23 6.624360862005933291e-23
6.471748289887046554e-23 6.471748287542829875e-23
6.326611085710931338e-23 6.326611083416326398e-23
6.188699517681257028e-23 6.188699515434812092e-23
6.057794515378098749e-23 6.057794513178387942e-23
5.933707205408309650e-23 5.933707203253932958e-23
5.816278783252495530e-23 5.816278781142075274e-23
5.705380947555879039e-23 5.705380945488057523e-23
5.600916824488799592e-23 5.600916822462236752e-23
5.502822512042523799e-23 5.502822510055900731e-23
5.411069330825575971e-23 5.411069328877581998e-23
5.325666957316909144e-23 5.325666955406248871e-23
5.246667609458736964e-23 5.246667607584119699e-23
5.174171543550609992e-23 5.174171541710756210e-23
5.108334257560131982e-23 5.108334255753760392e-23
5.049375933977350698e-23 5.049375932203175899e-23
4.997593707750896882e-23 4.997593706007629944e-23
4.953377954008428747e-23 4.953377952294764283e-23
4.917233748986231354e-23 4.917233747300848109e-23
4.889809845042717361e-23 4.889809843384263515e-23
4.871937957159567721e-23 4.871937955526654429e-23
4.864687181220505743e-23 4.864687179611694200e-23
4.869440543556953251e-23 4.869440541970739998e-23
4.888005144756867750e-23 4.888005143191662932e-23
4.922774633984088064e-23 4.922774632438187214e-23
4.976975737563301801e-23 4.976975736034852928e-23
5.055055516773913990e-23 5.055055515260857041e-23
5.163314624778816082e-23 5.163314623278807120e-23
5.310994181739907083e-23 5.310994180250188986e-23
5.512257367247003831e-23 5.512257365764176482e-23
5.790085584751070757e-23 5.790085583270635539e-23
6.184736701172395414e-23 6.184736699687711960e-23
6.774779038531905006e-23 6.774779037030956236e-23
7.741018617053818796e-23 7.741018615502272047e-23
9.638831403711969657e-23 9.638831402329363781e-23
1.596024270387050326e-22 1.596024270247868974e-22
2.431111357724114563e-27 2.431097277298031372e-27
2.417358900249590728e-27 2.417344562586160312e-27
2.406835054780721665e-27 2.406820324680342883e-27
2.399852173178028833e-27 2.399836844546248110e-27
2.396795816243238558e-27 2.396779543537487007e-27
2.398145958240529656e-27 2.398128070877079116e-27
2.404506619952878273e-27 2.404485423405418005e-27
2.416652131546997663e-27 2.416618892045906873e-27
2.435523396692739295e-27 2.435518924850157525e-27
2.462490393404478986e-27 2.462486010333839425e-27
2.499266951014428568e-27 2.499262654073258803e-27
2.548245261815947416e-27 2.548241048409267616e-27
2.612807513010990812e-27 2.612803380588534630e-27
2.697911857007183834e-27 2.697907803060542178e-27
2.811164891024776546e-27 2.811160913084432299e-27
2.964941131744908681e-27 2.964937227377167026e-27
3.181016941748366000e-27 3.181013108552140538e-27
3.502210299310968800e-27 3.502206534914398701e-27
4.028319514263753279e-27 4.028315816320631745e-27
5.073816040111702988e-27 5.073812406297673610e-27
8.803728832381436806e-27 8.803725260389912628e-27
3.512462231647339576e-33 0.000000000000000000e+00
3.455217548544664018e-33 0.000000000000000000e+00
3.400254092677398758e-33 0.000000000000000000e+00
3.347574228902557787e-33 0.000000000000000000e+00
3.297186693309583547e-33 0.000000000000000000e+00
3.249107335553679507e-33 0.000000000000000000e+00
3.203360003158827681e-33 0.000000000000000000e+00
3.159977616631233500e-33 0.000000000000000000e+00
3.119003435634372581e-33 0.000000000000000000e+00
3.080492621569411559e-33 0.000000000000000000e+00
3.044514121166008241e-33 0.000000000000000000e+00
3.011152974292347093e-33 0.000000000000000000e+00
2.980513178750616406e-33 0.000000000000000000e+00
2.952721224804906551e-33 0.000000000000000000e+00
2.927930549800128781e-33 0.000000000000000000e+00
2.906327148824947820e-33 0.000000000000000000e+00
2.888136765488679447e-33 0.000000000000000000e+00
2.873634158601283914e-33 0.000000000000000000e+00
2.863155213154685700e-33 0.000000000000000000e+00
2.857112995274918034e-33 0.000000000000000000e+00
2.856019325974667636e-33 0.000000000000000000e+00
2.860514250807441269e-33 0.000000000000000000e+00
2.871407092532445459e-33 0.000000000000000000e+00
2.889734784487307986e-33 0.000000000000000000e+00
2.916846818835406734e-33 0.000000000000000000e+00
2.954532381129864662e-33 0.000000000000000000e+00
3.005216749995645067e-33 0.000000000000000000e+00
3.072276420729464271e-33 0.000000000000000000e+00
3.160567824445255058e-33 0.000000000000000000e+00
3.277364378945920786e-33 0.000000000000000000e+00
3.434134437033038981e-33 0.000000000000000000e+00
3.650223888310487238e-33 0.000000000000000000e+00
3.961434904343021020e-33 0.000000000000000000e+00
4.443649487375060954e-33 0.000000000000000000e+00
5.297461039575254806e-33 0.000000000000000000e+00
7.351968336384215917e-33 0.000000000000000000e+00
0.000000000000000000e+00 0.000000000000000000e+00
0.000000000000000000e+00 0.000000000000000000e+00
0.000000000000000000e+00 0.000000000000000000e+00
0.000000000000000000e+00 0.000000000000000000e+00
0.000000000000000000e+00 0.000000000000000000e+00
0.000000000000000000e+00 0.000000000000000000e+00
0.000000000000000000e+00 0.000000000000000000e+00
0.000000000000000000e+00 0.000000000000000000e+00
0.000000000000000000e+00 0.000000000000000000e+00
0.000000000000000000e+00 0.000000000000000000e+00
0.000000000000000000e+00 0.000000000000000000e+00
0.000000000000000000e+00 0.000000000000000000e+00
0.000000000000000000e+00 0.000000000000000000e+00
0.000000000000000000e+00 0.000000000000000000e+00
0.000000000000000000e+00 0.000000000000000000e+00
0.000000000000000000e+00 0.000000000000000000e+00
0.000000000000000000e+00 0.000000000000000000e+00
0.000000000000000000e+00 0.000000000000000000e+00
0.000000000000000000e+00 0.000000000000000000e+00
0.000000000000000000e+00 0.000000000000000000e+00
0.000000000000000000e+00 0.000000000000000000e+00
0.000000000000000000e+00 0.000000000000000000e+00
0.000000000000000000e+00 0.000000000000000000e+00
0.000000000000000000e+00 0.000000000000000000e+00
0.000000000000000000e+00 0.000000000000000000e+00
0.000000000000000000e+00 0.000000000000000000e+00
0.000000000000000000e+00 0.000000000000000000e+00
0.000000000000000000e+00 0.000000000000000000e+00
0.000000000000000000e+00 0.000000000000000000e+00
0.000000000000000000e+00 0.000000000000000000e+00
0.000000000000000000e+00 0.000000000000000000e+00
0.000000000000000000e+00 0.000000000000000000e+00
0.000000000000000000e+00 0.000000000000000000e+00
0.000000000000000000e+00 0.000000000000000000e+00
0.000000000000000000e+00 0.000000000000000000e+00
0.000000000000000000e+00 0.000000000000000000e+00
0.000000000000000000e+00 0.000000000000000000e+00
0.000000000000000000e+00 0.000000000000000000e+00
0.000000000000000000e+00 0.000000000000000000e+00
0.000000000000000000e+00 0.000000000000000000e+00
0.000000000000000000e+00 0.000000000000000000e+00
0.000000000000000000e+00 0.000000000000000000e+00
0.000000000000000000e+00 0.000000000000000000e+00
0.000000000000000000e+00 0.000000000000000000e+00
0.000000000000000000e+00 0.000000000000000000e+00
0.000000000000000000e+00 0.000000000000000000e+00
0.000000000000000000e+00 0.000000000000000000e+00
0.000000000000000000e+00 0.000000000000000000e+00
0.000000000000000000e+00 0.000000000000000000e+00
0.000000000000000000e+00 0.000000000000000000e+00
0.000000000000000000e+00 0.000000000000000000e+00
0.000000000000000000e+00 0.000000000000000000e+00
0.000000000000000000e+00 0.000000000000000000e+00
0.000000000000000000e+00 0.000000000000000000e+00
0.000000000000000000e+00 0.000000000000000000e+00
0.000000000000000000e+00 0.000000000000000000e+00
0.000000000000000000e+00 0.000000000000000000e+00
0.000000000000000000e+00 0.000000000000000000e+00
0.000000000000000000e+00 0.000000000000000000e+00
0.000000000000000000e+00 0.000000000000000000e+00
0.000000000000000000e+00 0.000000000000000000e+00
0.000000000000000000e+00 0.000000000000000000e+00
0.000000000000000000e+00 0.000000000000000000e+00
0.000000000000000000e+00 0.000000000000000000e+00
0.000000000000000000e+00 0.000000000000000000e+00
0.000000000000000000e+00 0.000000000000000000e+00
0.000000000000000000e+00 0.000000000000000000e+00
0.000000000000000000e+00 0.000000000000000000e+00
0.000000000000000000e+00 0.000000000000000000e+00
0.000000000000000000e+00 0.000000000000000000e+00
0.000000000000000000e+00 0.000000000000000000e+00
0.000000000000000000e+00 0.000000000000000000e+00
0.000000000000000000e+00 0.000000000000000000e+00
0.000000000000000000e+00 0.000000000000000000e+00
0.000000000000000000e+00 0.000000000000000000e+00
0.000000000000000000e+00 0.000000000000000000e+00
0.000000000000000000e+00 0.000000000000000000e+00
0.000000000000000000e+00 0.000000000000000000e+00
0.000000000000000000e+00 0.000000000000000000e+00
0.000000000000000000e+00 0.000000000000000000e+00
0.000000000000000000e+00 0.000000000000000000e+00
0.000000000000000000e+00 0.000000000000000000e+00
0.000000000000000000e+00 0.000000000000000000e+00
0.000000000000000000e+00 0.000000000000000000e+00
0.000000000000000000e+00 0.000000000000000000e+00
0.000000000000000000e+00 0.000000000000000000e+00
0.000000000000000000e+00 0.000000000000000000e+00
0.000000000000000000e+00 0.000000000000000000e+00
0.000000000000000000e+00 0.000000000000000000e+00
0.000000000000000000e+00 0.000000000000000000e+00
0.000000000000000000e+00 0.000000000000000000e+00
0.000000000000000000e+00 0.000000000000000000e+00
0.000000000000000000e+00 0.000000000000000000e+00
0.000000000000000000e+00 0.000000000000000000e+00
0.000000000000000000e+00 0.000000000000000000e+00
0.000000000000000000e+00 0.000000000000000000e+00
0.000000000000000000e+00 0.000000000000000000e+00
0.000000000000000000e+00 0.000000000000000000e+00
0.000000000000000000e+00 0.000000000000000000e+00
0.000000000000000000e+00 0.000000000000000000e+00
0.000000000000000000e+00 0.000000000000000000e+00
0.000000000000000000e+00 0.000000000000000000e+00
0.000000000000000000e+00 0.000000000000000000e+00
0.000000000000000000e+00 0.000000000000000000e+00
0.000000000000000000e+00 0.000000000000000000e+00
0.000000000000000000e+00 0.000000000000000000e+00
