3.910051677182386430e+23 0.000000000000000000e+00
3.868578057608488393e+23 0.000000000000000000e+00
3.767409075902644801e+23 0.000000000000000000e+00
3.705868125470730066e+23 0.000000000000000000e+00
3.676655046090099723e+23 0.000000000000000000e+00
3.549058552994160496e+23 0.000000000000000000e+00
3.488442518277035854e+23 0.000000000000000000e+00
3.425513638732662487e+23 0.000000000000000000e+00
3.376298857301129067e+23 0.000000000000000000e+00
3.308144141207313423e+23 0.000000000000000000e+00
3.240010137598011229e+23 0.000000000000000000e+00
3.187795607244145133e+23 0.000000000000000000e+00
3.148234499836757745e+23 0.000000000000000000e+00
3.186140369792791101e+23 0.000000000000000000e+00
2.998108128345739042e+23 0.000000000000000000e+00
2.926479207257689828e+23 0.000000000000000000e+00
2.875500409031788205e+23 0.000000000000000000e+00
2.813885613027921379e+23 0.000000000000000000e+00
2.763172938953445438e+23 0.000000000000000000e+00
2.716692981450429117e+23 0.000000000000000000e+00
2.671855563596191005e+23 0.000000000000000000e+00
2.623570234901048915e+23 0.000000000000000000e+00
2.580049834654180070e+23 0.000000000000000000e+00
2.542176723958239582e+23 0.000000000000000000e+00
2.493024797912824440e+23 0.000000000000000000e+00
2.460239336859156863e+23 0.000000000000000000e+00
2.399276373875295571e+23 0.000000000000000000e+00
2.362625882842721786e+23 0.000000000000000000e+00
2.321457005646991558e+23 0.000000000000000000e+00
2.291069205500918969e+23 0.000000000000000000e+00
2.225723034950894847e+23 0.000000000000000000e+00
2.183414583405326631e+23 0.000000000000000000e+00
2.147549307976655307e+23 0.000000000000000000e+00
2.113571063592414242e+23 0.000000000000000000e+00
2.078129045491753974e+23 0.000000000000000000e+00
2.032228818415231980e+23 0.000000000000000000e+00
2.004843812638439097e+23 0.000000000000000000e+00
1.965598631851309578e+23 0.000000000000000000e+00
1.935415901671228074e+23 0.000000000000000000e+00
1.902659929554521088e+23 0.000000000000000000e+00
1.852746761917922542e+23 0.000000000000000000e+00
1.820279847746377467e+23 0.000000000000000000e+00
1.790574224690826990e+23 0.000000000000000000e+00
1.763424568360104656e+23 0.000000000000000000e+00
1.726897229272159701e+23 0.000000000000000000e+00
1.696907595587974637e+23 0.000000000000000000e+00
1.671897117415907210e+23 0.000000000000000000e+00
1.686738278412141713e+23 0.000000000000000000e+00
1.608945945588090714e+23 0.000000000000000000e+00
1.583242621837072862e+23 0.000000000000000000e+00
1.558782083623500980e+23 0.000000000000000000e+00
1.534581678481048443e+23 0.000000000000000000e+00
1.511499799982892028e+23 0.000000000000000000e+00
1.485217466946575841e+23 0.000000000000000000e+00
1.460704437562463475e+23 0.000000000000000000e+00
1.437213228242651977e+23 0.000000000000000000e+00
1.424191053738898746e+23 0.000000000000000000e+00
1.387352384194655164e+23 0.000000000000000000e+00
1.373964186076274208e+23 0.000000000000000000e+00
1.356221105541425922e+23 0.000000000000000000e+00
1.322129386830378828e+23 0.000000000000000000e+00
1.261397370979246921e+23 0.000000000000000000e+00
1.241064443963984503e+23 0.000000000000000000e+00
1.221927612421162601e+23 0.000000000000000000e+00
1.205061669454662945e+23 0.000000000000000000e+00
1.182110054460687427e+23 0.000000000000000000e+00
1.164640617124274981e+23 0.000000000000000000e+00
1.149634672860890378e+23 0.000000000000000000e+00
1.130515982175984073e+23 0.000000000000000000e+00
1.117564425314532401e+23 0.000000000000000000e+00
1.125981222837171813e+23 0.000000000000000000e+00
1.072523018348392727e+23 0.000000000000000000e+00
1.045537854350775749e+23 0.000000000000000000e+00
1.031826104406000177e+23 0.000000000000000000e+00
1.017077477543356001e+23 0.000000000000000000e+00
1.004121861612759941e+23 0.000000000000000000e+00
9.776078183641010038e+22 0.000000000000000000e+00
9.633939100573630464e+22 0.000000000000000000e+00
9.506061720008510774e+22 0.000000000000000000e+00
9.421798001228771020e+22 0.000000000000000000e+00
9.316366161222763440e+22 0.000000000000000000e+00
9.326733878547901212e+22 0.000000000000000000e+00
8.720942430934950268e+22 0.000000000000000000e+00
8.489934961832472714e+22 0.000000000000000000e+00
8.332627458870100571e+22 0.000000000000000000e+00
8.362536761895782711e+22 0.000000000000000000e+00
8.041565216193975104e+22 0.000000000000000000e+00
7.902536699826940150e+22 0.000000000000000000e+00
7.781554371709053279e+22 0.000000000000000000e+00
7.691935512975423780e+22 0.000000000000000000e+00
7.579222634639823104e+22 0.000000000000000000e+00
7.520317861413531523e+22 0.000000000000000000e+00
7.413566156270019910e+22 0.000000000000000000e+00
7.363019887142801454e+22 0.000000000000000000e+00
7.134629013696859760e+22 0.000000000000000000e+00
7.148990624874427423e+22 0.000000000000000000e+00
7.020858132179660780e+22 0.000000000000000000e+00
7.059316762587661179e+22 0.000000000000000000e+00
7.241477785539069975e+22 0.000000000000000000e+00
7.123251785129916157e+22 0.000000000000000000e+00
6.790685761137089813e+22 0.000000000000000000e+00
5.596024387316498406e+22 0.000000000000000000e+00
5.504352815831601644e+22 0.000000000000000000e+00
5.418084208219230359e+22 0.000000000000000000e+00
5.339464161086886904e+22 0.000000000000000000e+00
5.263732644544972954e+22 0.000000000000000000e+00
5.193587336933864899e+22 0.000000000000000000e+00
5.075280406534394426e+22 0.000000000000000000e+00
5.002321258834166389e+22 0.000000000000000000e+00
4.937242070810556052e+22 0.000000000000000000e+00
4.871918812050395392e+22 0.000000000000000000e+00
4.827959706611739106e+22 0.000000000000000000e+00
4.788781026614358049e+22 0.000000000000000000e+00
4.629212541381858506e+22 0.000000000000000000e+00
4.653260423390123629e+22 0.000000000000000000e+00
4.527150852527465326e+22 0.000000000000000000e+00
4.414263556915390212e+22 0.000000000000000000e+00
4.494232572679741139e+22 0.000000000000000000e+00
4.004132067579666838e+22 0.000000000000000000e+00
3.951323581320355486e+22 0.000000000000000000e+00
3.862946746903920902e+22 0.000000000000000000e+00
3.815877645275613889e+22 0.000000000000000000e+00
3.752935466986876436e+22 0.000000000000000000e+00
3.647020427871664262e+22 0.000000000000000000e+00
3.593746560277326856e+22 0.000000000000000000e+00
3.538837570704187903e+22 0.000000000000000000e+00
3.461596363656503964e+22 0.000000000000000000e+00
3.413361769329423968e+22 0.000000000000000000e+00
3.360092639612650704e+22 0.000000000000000000e+00
3.311668850552475327e+22 0.000000000000000000e+00
3.245333086794024799e+22 0.000000000000000000e+00
3.185963943366249729e+22 0.000000000000000000e+00
3.142246456102997721e+22 0.000000000000000000e+00
3.130378980431570665e+22 0.000000000000000000e+00
3.064874334728306976e+22 0.000000000000000000e+00
3.010441349801822074e+22 0.000000000000000000e+00
2.985093444612442921e+22 0.000000000000000000e+00
2.854146386526186609e+22 0.000000000000000000e+00
2.796535049442128875e+22 0.000000000000000000e+00
2.764991321258124640e+22 0.000000000000000000e+00
2.751053189336513328e+22 0.000000000000000000e+00
2.663575260900543064e+22 0.000000000000000000e+00
2.638092227539835552e+22 0.000000000000000000e+00
2.583858484619647753e+22 0.000000000000000000e+00
2.490523875139195293e+22 0.000000000000000000e+00
2.446671569787585298e+22 0.000000000000000000e+00
2.417028203045197971e+22 0.000000000000000000e+00
2.378443813327044870e+22 0.000000000000000000e+00
2.366548789746936578e+22 0.000000000000000000e+00
2.332472511897988707e+22 0.000000000000000000e+00
2.436369869219332882e+22 0.000000000000000000e+00
2.248773156885865326e+22 0.000000000000000000e+00
2.172064407848606918e+22 0.000000000000000000e+00
2.171061729900742941e+22 0.000000000000000000e+00
2.126949054367121434e+22 0.000000000000000000e+00
2.111717252634088623e+22 0.000000000000000000e+00
2.058367850994202994e+22 0.000000000000000000e+00
2.092101230254905465e+22 0.000000000000000000e+00
2.072462181796498584e+22 0.000000000000000000e+00
1.911663777891145168e+22 0.000000000000000000e+00
1.894993996207240931e+22 0.000000000000000000e+00
1.833103592685603232e+22 0.000000000000000000e+00
1.824266241474268076e+22 0.000000000000000000e+00
1.708465270022180595e+22 0.000000000000000000e+00
1.683451874418313973e+22 0.000000000000000000e+00
1.680156769114229467e+22 0.000000000000000000e+00
1.652693951063098445e+22 0.000000000000000000e+00
1.641060488227206254e+22 0.000000000000000000e+00
1.514912684294879681e+22 0.000000000000000000e+00
1.510668783543843501e+22 0.000000000000000000e+00
1.495927033905836510e+22 0.000000000000000000e+00
1.482612279396330478e+22 0.000000000000000000e+00
1.400316837423586319e+22 0.000000000000000000e+00
1.384582671341867290e+22 0.000000000000000000e+00
1.360867047364598379e+22 0.000000000000000000e+00
1.349772297906416517e+22 0.000000000000000000e+00
1.323062842749148463e+22 0.000000000000000000e+00
1.280476026167021168e+22 0.000000000000000000e+00
1.259522281716525407e+22 0.000000000000000000e+00
1.235643631192360826e+22 0.000000000000000000e+00
1.198719341893071667e+22 0.000000000000000000e+00
1.199653516447677258e+22 0.000000000000000000e+00
1.144264881317948372e+22 0.000000000000000000e+00
1.173915222264431562e+22 0.000000000000000000e+00
1.084114371501050823e+22 0.000000000000000000e+00
1.064382081320840751e+22 0.000000000000000000e+00
1.042400198473150366e+22 0.000000000000000000e+00
1.035025821226788664e+22 0.000000000000000000e+00
1.013909653818921347e+22 0.000000000000000000e+00
9.875562803019024171e+21 0.000000000000000000e+00
9.667012375344926687e+21 0.000000000000000000e+00
9.604955255987836551e+21 0.000000000000000000e+00
9.557063077528522981e+21 0.000000000000000000e+00
9.080033525344646463e+21 0.000000000000000000e+00
9.143613559388455830e+21 0.000000000000000000e+00
8.911012793007685501e+21 0.000000000000000000e+00
8.544819426434061697e+21 0.000000000000000000e+00
8.386247929546262184e+21 0.000000000000000000e+00
8.229006961830247006e+21 0.000000000000000000e+00
8.299385291415900652e+21 0.000000000000000000e+00
7.907276829606958596e+21 0.000000000000000000e+00
7.803013209265509761e+21 0.000000000000000000e+00
7.584528787750275514e+21 0.000000000000000000e+00
7.501947819446988964e+21 0.000000000000000000e+00
7.561871148468446167e+21 0.000000000000000000e+00
7.192747098977829126e+21 0.000000000000000000e+00
7.116676609269475312e+21 0.000000000000000000e+00
6.820140643467919360e+21 0.000000000000000000e+00
6.701153397130617946e+21 0.000000000000000000e+00
6.672138220065537393e+21 0.000000000000000000e+00
6.384812398999936958e+21 0.000000000000000000e+00
6.364609343783111229e+21 0.000000000000000000e+00
6.313353712798300897e+21 0.000000000000000000e+00
6.011484534636572312e+21 0.000000000000000000e+00
6.044493612057442124e+21 0.000000000000000000e+00
5.802219723698816942e+21 0.000000000000000000e+00
5.729930421201802363e+21 0.000000000000000000e+00
5.586551245475225272e+21 0.000000000000000000e+00
5.607644949967713337e+21 0.000000000000000000e+00
5.465627099231197069e+21 0.000000000000000000e+00
5.191674866595008610e+21 0.000000000000000000e+00
5.118769128460360090e+21 0.000000000000000000e+00
4.873720160719390900e+21 0.000000000000000000e+00
4.808387168751043215e+21 0.000000000000000000e+00
4.757759667501809009e+21 0.000000000000000000e+00
4.745920367133084090e+21 0.000000000000000000e+00
4.444377628219996635e+21 0.000000000000000000e+00
4.393030166475854316e+21 0.000000000000000000e+00
4.297012332517768298e+21 0.000000000000000000e+00
4.155036983151381971e+21 0.000000000000000000e+00
4.067738071651414180e+21 0.000000000000000000e+00
4.016355141100028035e+21 0.000000000000000000e+00
3.963736495860386628e+21 0.000000000000000000e+00
3.983150360374193684e+21 0.000000000000000000e+00
3.713785399712075481e+21 0.000000000000000000e+00
3.594963469069518373e+21 0.000000000000000000e+00
3.605266312977686462e+21 0.000000000000000000e+00
3.543844208698428752e+21 0.000000000000000000e+00
3.402700511694020936e+21 0.000000000000000000e+00
3.377920451265497661e+21 0.000000000000000000e+00
3.301861221439866667e+21 0.000000000000000000e+00
3.199652086582384001e+21 0.000000000000000000e+00
3.083935964018722210e+21 0.000000000000000000e+00
3.054800283509024358e+21 0.000000000000000000e+00
2.959212987237383799e+21 0.000000000000000000e+00
2.857697283784058601e+21 0.000000000000000000e+00
2.868468894346861085e+21 0.000000000000000000e+00
2.755712810562258731e+21 0.000000000000000000e+00
2.807233718603571266e+21 0.000000000000000000e+00
2.650921334289198481e+21 0.000000000000000000e+00
2.572813899160514724e+21 0.000000000000000000e+00
2.584261634882038399e+21 0.000000000000000000e+00
2.534720530716219671e+21 0.000000000000000000e+00
2.417832684671006671e+21 0.000000000000000000e+00
2.372886575954159731e+21 0.000000000000000000e+00
2.320586936623757263e+21 0.000000000000000000e+00
2.287297308279387718e+21 0.000000000000000000e+00
2.249357656631233741e+21 0.000000000000000000e+00
2.201536106305874297e+21 0.000000000000000000e+00
2.133926813475138961e+21 0.000000000000000000e+00
2.118273174784745406e+21 0.000000000000000000e+00
2.109129907519894585e+21 0.000000000000000000e+00
2.011303766289938645e+21 0.000000000000000000e+00
1.954724349420096717e+21 0.000000000000000000e+00
1.968829469674428170e+21 0.000000000000000000e+00
1.881193208322386559e+21 0.000000000000000000e+00
1.860359338406818873e+21 0.000000000000000000e+00
1.794423161637669962e+21 0.000000000000000000e+00
1.783957439054179992e+21 0.000000000000000000e+00
1.782808827184207364e+21 0.000000000000000000e+00
1.679507564655036596e+21 0.000000000000000000e+00
1.785508600376798740e+21 0.000000000000000000e+00
1.633827045070157906e+21 0.000000000000000000e+00
1.462267180758991110e+21 0.000000000000000000e+00
1.463280606152380121e+21 0.000000000000000000e+00
1.427186192242695733e+21 0.000000000000000000e+00
1.430533962288335159e+21 0.000000000000000000e+00
1.346063385810932335e+21 0.000000000000000000e+00
1.337520320791624810e+21 0.000000000000000000e+00
1.303951516032761594e+21 0.000000000000000000e+00
1.275179964827351122e+21 0.000000000000000000e+00
1.264484575540309918e+21 0.000000000000000000e+00
1.238920795668156514e+21 0.000000000000000000e+00
1.180549433481474212e+21 0.000000000000000000e+00
1.174790534199634297e+21 0.000000000000000000e+00
1.124102428219523858e+21 0.000000000000000000e+00
1.147731942220882248e+21 0.000000000000000000e+00
1.106445482491745141e+21 0.000000000000000000e+00
1.044732647304285651e+21 0.000000000000000000e+00
1.043135556455765770e+21 0.000000000000000000e+00
1.018820030955488805e+21 0.000000000000000000e+00
1.015553526718921834e+21 0.000000000000000000e+00
9.836414890936335073e+20 0.000000000000000000e+00
9.832170807135561318e+20 0.000000000000000000e+00
1.056328049641772155e+21 0.000000000000000000e+00
7.980088153640241725e+20 0.000000000000000000e+00
7.843450574767036826e+20 0.000000000000000000e+00
7.900728775508519813e+20 0.000000000000000000e+00
7.387749736027585249e+20 0.000000000000000000e+00
7.283785738460966420e+20 0.000000000000000000e+00
7.084348385069920420e+20 0.000000000000000000e+00
7.197953313392691773e+20 0.000000000000000000e+00
6.750170260461850460e+20 0.000000000000000000e+00
6.580514939659915100e+20 0.000000000000000000e+00
6.300596058818872607e+20 0.000000000000000000e+00
6.251628965825706721e+20 0.000000000000000000e+00
6.109849278244268278e+20 0.000000000000000000e+00
5.881465813542022676e+20 0.000000000000000000e+00
5.659285716560075817e+20 0.000000000000000000e+00
5.580154544838945014e+20 0.000000000000000000e+00
5.606983096950234153e+20 0.000000000000000000e+00
5.498408472633329582e+20 0.000000000000000000e+00
5.149492622021530092e+20 0.000000000000000000e+00
5.172859388640433930e+20 0.000000000000000000e+00
4.807885593878469673e+20 0.000000000000000000e+00
4.761272417571670589e+20 0.000000000000000000e+00
4.760350955652570153e+20 0.000000000000000000e+00
4.421560150586181550e+20 0.000000000000000000e+00
4.450067415758230651e+20 0.000000000000000000e+00
4.158877729870396785e+20 0.000000000000000000e+00
4.019800437777888707e+20 0.000000000000000000e+00
4.021124237145421251e+20 0.000000000000000000e+00
3.866674411555649618e+20 0.000000000000000000e+00
3.731977498034086216e+20 0.000000000000000000e+00
3.600739219103752520e+20 0.000000000000000000e+00
3.571058184626764513e+20 0.000000000000000000e+00
3.482735620036461199e+20 0.000000000000000000e+00
3.288923831511300833e+20 0.000000000000000000e+00
3.273796057329775411e+20 0.000000000000000000e+00
3.178005016656016835e+20 0.000000000000000000e+00
3.206419064099244605e+20 0.000000000000000000e+00
2.905186341461743698e+20 0.000000000000000000e+00
2.947444877774681866e+20 0.000000000000000000e+00
2.738288154766099415e+20 0.000000000000000000e+00
2.660013811659667538e+20 0.000000000000000000e+00
2.603077309231682355e+20 0.000000000000000000e+00
2.522984734613279867e+20 0.000000000000000000e+00
2.360132111752565228e+20 0.000000000000000000e+00
2.277411954806592635e+20 0.000000000000000000e+00
2.231283827443327959e+20 0.000000000000000000e+00
2.187125642782729830e+20 0.000000000000000000e+00
2.145422443656596029e+20 0.000000000000000000e+00
2.076924582603945738e+20 0.000000000000000000e+00
2.031218397306509722e+20 0.000000000000000000e+00
1.863508444567804641e+20 0.000000000000000000e+00
1.867243434632880128e+20 0.000000000000000000e+00
1.790308143993617777e+20 0.000000000000000000e+00
1.733461433816082678e+20 0.000000000000000000e+00
1.684128239177735209e+20 0.000000000000000000e+00
1.611674186303911035e+20 0.000000000000000000e+00
1.540416017184101827e+20 0.000000000000000000e+00
1.528042730063038054e+20 0.000000000000000000e+00
1.470753838869973074e+20 0.000000000000000000e+00
1.396645802796083446e+20 0.000000000000000000e+00
1.375723444059480556e+20 0.000000000000000000e+00
1.339699975066529464e+20 0.000000000000000000e+00
1.265570669469797253e+20 0.000000000000000000e+00
1.239561024870452920e+20 0.000000000000000000e+00
1.165130093019326710e+20 0.000000000000000000e+00
1.115765356380695101e+20 0.000000000000000000e+00
1.093246645867687936e+20 0.000000000000000000e+00
1.063102982854536561e+20 0.000000000000000000e+00
1.036413213546808607e+20 7.463586795506134400e+16
9.886257081785884672e+19 2.113176745317059200e+16
9.348558853141482701e+19 6.960286009220547200e+16
9.216399442013596877e+19 7.295043937477512000e+16
8.814952407897174835e+19 1.928141304554789120e+17
8.470881586006559949e+19 1.762015816705133440e+17
8.015001182641386291e+19 1.484687015218152960e+17
7.891748947836257894e+19 3.740239940136800000e+17
7.613327714230860186e+19 1.265937502954166016e+18
7.213776923505054515e+19 6.513902763695969280e+17
6.971720751251300352e+19 1.155214507927129088e+18
6.692809025057385677e+19 1.141767167469966720e+18
6.377366558911505203e+19 1.255054229168190208e+18
6.240574332988130099e+19 1.280947194585348352e+18
6.094818651659808768e+19 1.402535884842636544e+18
5.781577787588827546e+19 1.470515680928822016e+18
5.535216524982756966e+19 1.829546148838836480e+18
5.413416102973721805e+19 1.646323073480552704e+18
5.171011265939273318e+19 1.932761981963705600e+18
5.102275423541393818e+19 2.123519322733217792e+18
4.736536102648599347e+19 2.341972601755621376e+18
4.564802477778678579e+19 2.307775156037913600e+18
4.534355328638010163e+19 2.197092918634042624e+18
4.265647190056703590e+19 1.878844008486099456e+18
4.169531985277271245e+19 1.941607742019064576e+18
4.108314969057298022e+19 1.852418747265518336e+18
3.904425396678337331e+19 2.327148875242375168e+18
3.715860336740252877e+19 2.366958116052001280e+18
3.625922216697687654e+19 2.701462386335937024e+18
3.460771712879941222e+19 2.320676141219937280e+18
3.255249790564362240e+19 2.173762643066603776e+18
3.251343452662512845e+19 2.222416549831628800e+18
2.993439436542904320e+19 2.157595071892551424e+18
2.866665816791811686e+19 2.242502492250192640e+18
2.891603770558203494e+19 2.345411562351617024e+18
2.678606463259171226e+19 2.069668143549751808e+18
2.599364861987982131e+19 2.088227304463230464e+18
2.461774815955270861e+19 2.048693122473944064e+18
2.414545876757021491e+19 2.272206155608532992e+18
2.310970200323463987e+19 2.046282312631358208e+18
2.284558831239365018e+19 2.154494962227571456e+18
2.147260177487418573e+19 2.189605437641547264e+18
2.090675458679426253e+19 2.242782258985208832e+18
2.048787589549185434e+19 2.159988460429242112e+18
1.881770327593504768e+19 2.085480322991865600e+18
1.782587283776459981e+19 2.022248495024641280e+18
1.758756548664670618e+19 2.042473402300013056e+18
1.653618553066740326e+19 1.998833209921795072e+18
1.643391827219604480e+19 2.005442207345189376e+18
1.516275384536261632e+19 1.925650421689076224e+18
1.468811682081509581e+19 1.865130884237819904e+18
1.399094957141314150e+19 1.853815509209407232e+18
1.391354339415135027e+19 1.981688841810780160e+18
1.331794878865827840e+19 1.878193862553854464e+18
1.308145885119118541e+19 1.855098902261692160e+18
1.208545890928859955e+19 1.851576026009497344e+18
1.153389544867819930e+19 1.811030878875761152e+18
1.098494685731919258e+19 1.764747847407447296e+18
1.112166997595149312e+19 1.780255318230571008e+18
1.019271030698456064e+19 1.705067954170045440e+18
9.856478794107648000e+18 1.728045419433563904e+18
9.380779295369138176e+18 1.805419473123271936e+18
8.834388657572047872e+18 1.790838631269902336e+18
8.462936219468206080e+18 1.832140652447201280e+18
8.230265167479061504e+18 1.780325420529873408e+18
7.893588821685521408e+18 1.680415075735519488e+18
7.608974717778655232e+18 1.688143572801591040e+18
7.199873112758179840e+18 1.734076956500355328e+18
6.996002849246386176e+18 1.686272889470611968e+18
6.746334427347911680e+18 1.569651105928413184e+18
6.289530204775436288e+18 1.489456810784529664e+18
5.889628484127607808e+18 1.467850959876347392e+18
5.732143442014437376e+18 1.478262729821815552e+18
5.651673466714815488e+18 1.437256521618377984e+18
5.191729053949130752e+18 1.395130569219800576e+18
5.114590619227578368e+18 1.405465697475956992e+18
4.987040810838411264e+18 1.392821528300482048e+18
4.611862355210593280e+18 1.342817201337742080e+18
4.518418107798075392e+18 1.356648805593907200e+18
4.136253612653082624e+18 1.343486944844424448e+18
3.940624991167965696e+18 1.291546433902583552e+18
3.922763002491103744e+18 1.277215577534310656e+18
3.726195787446574080e+18 1.236741115063599104e+18
3.548561270930572288e+18 1.274407402335099904e+18
3.491618044701412352e+18 1.219504325317061888e+18
3.331915054117181952e+18 1.252396737792060928e+18
3.057125893935874048e+18 1.200970323095139584e+18
2.933150229374271488e+18 1.238057817714749696e+18
2.863553636377714176e+18 1.232819798240117504e+18
2.986401057695562240e+18 1.261563879411218688e+18
2.823795690370967552e+18 1.208438508033410304e+18
2.448399270357254656e+18 1.190457181653295872e+18
2.445906645069166080e+18 1.205963410577976320e+18
2.622980851567660032e+18 1.153205425723609088e+18
2.086304183413225216e+18 1.148766303583299456e+18
2.082153456377539072e+18 1.143245032182462336e+18
1.930823908612732928e+18 1.119015231310699904e+18
1.874742772978252544e+18 1.141729365699642240e+18
1.812917007050285568e+18 1.138077948116520832e+18
1.756492453903797248e+18 1.134801244841506944e+18
1.653112901479476736e+18 1.071924730330824576e+18
1.588988950956355328e+18 1.045553790553324928e+18
1.596438048467925248e+18 1.131944989133375232e+18
1.444418034823952128e+18 1.001885472562152704e+18
1.381170947587898624e+18 9.906218203709921280e+17
1.325009984607556096e+18 9.682570294834400000e+17
1.323320999549277440e+18 9.794683635069717760e+17
1.187117866119499264e+18 8.761169538125783040e+17
1.145124650440585600e+18 8.565075829381364480e+17
1.108797603863219712e+18 8.596967732355595520e+17
1.064367094977519104e+18 8.344782545012641280e+17
9.597435965150022400e+17 7.470312865328350720e+17
9.250358669076815360e+17 7.457500122577400320e+17
9.038080325903645440e+17 7.357414436938695680e+17
8.532720012408341760e+17 6.873091635288126720e+17
8.206075418097461760e+17 6.633082431490749440e+17
8.030136009405766400e+17 6.602181614278072320e+17
7.590347687862435840e+17 6.309612546447813120e+17
7.464671909455226880e+17 6.152211210731358720e+17
6.960259175238056960e+17 5.815416220288492800e+17
6.773723575289049600e+17 5.715800121479531520e+17
6.665281445908673280e+17 5.715026144987989120e+17
6.251312054350109440e+17 5.373245340676346880e+17
5.808096659362997760e+17 5.033589110769167360e+17
5.715277836431068160e+17 4.981488884334256640e+17
5.605917752799512320e+17 4.898621404735474560e+17
5.212292598460613760e+17 4.552965372424448640e+17
4.746320574149723520e+17 4.177061459523307520e+17
4.542336614947059840e+17 4.012293249843440000e+17
4.258018977595905280e+17 3.773761867472988800e+17
3.994348875311559680e+17 3.579524237125817600e+17
4.137220774027415040e+17 3.736838181371392640e+17
3.753468003699130880e+17 3.347932849422137600e+17
3.769284964921162240e+17 3.417154941878397440e+17
3.695646190528881280e+17 3.374175754078529280e+17
3.293038197113233280e+17 3.001990047848231040e+17
3.255783295125151360e+17 2.975609052203084800e+17
3.034033582016577280e+17 2.774526450099474880e+17
2.901540217368099200e+17 2.661672357661261760e+17
2.827071187869655360e+17 2.599117262116106240e+17
2.824188160990056320e+17 2.597615489142842560e+17
2.599670551590464640e+17 2.404630394258824640e+17
2.474283022270371840e+17 2.290064679083284480e+17
2.378424413088708160e+17 2.201265496444315840e+17
2.446775212891629120e+17 2.289227072453779520e+17
2.239970836141218560e+17 2.099301168176791040e+17
2.208570810122379200e+17 2.063259300575517760e+17
2.045117766505591680e+17 1.911922699909325120e+17
1.968583499343304320e+17 1.838506851137455680e+17
1.876113216030244480e+17 1.760293507143695360e+17
1.856815040206248640e+17 1.752640925926279040e+17
1.879965809991973120e+17 1.782676758639973440e+17
1.615061174823864960e+17 1.521689595691565120e+17
1.514343527324665600e+17 1.422950187753749440e+17
1.425217525484364000e+17 1.335662030210853120e+17
1.461341169069240960e+17 1.385717485957200480e+17
1.284181885918814880e+17 1.211519638347644800e+17
1.301612313139156160e+17 1.235863431983824160e+17
1.241059811871036320e+17 1.178544243617198400e+17
1.165962186007681600e+17 1.102885565711438400e+17
1.113860973199789280e+17 1.057329875777679360e+17
1.071151796332865600e+17 1.013740256049192000e+17
9.977247978570257600e+16 9.529700129948628800e+16
9.755529259368152000e+16 9.348174083396312000e+16
9.236081513586878400e+16 8.839602214261660800e+16
8.262241245433916800e+16 7.910576196205112000e+16
9.400067551037617600e+16 9.063949819206806400e+16
8.389611900603505600e+16 8.055634640904065600e+16
7.771754188885755200e+16 7.454553027332027200e+16
6.785051302436864000e+16 6.479495786669272000e+16
6.459982452598741600e+16 6.175547510670272800e+16
6.504750387904929600e+16 6.239350676873207200e+16
6.490351301031530400e+16 6.253430561486240800e+16
7.024354849864140000e+16 6.799182380147939200e+16
6.149241777913017600e+16 5.927898056666556000e+16
6.062927848432090400e+16 5.857130765566667200e+16
5.738763332773200800e+16 5.550888231699666400e+16
5.566736765239940800e+16 5.396458373183270400e+16
5.627541979739322400e+16 5.463925325647428800e+16
4.748471675567644000e+16 4.598721364546688800e+16
4.544186766401081600e+16 4.392161994549083200e+16
4.571648076667648800e+16 4.431211432147922400e+16
4.857696175519536800e+16 4.725699563502937600e+16
4.919095859644023200e+16 4.795997402152932800e+16
4.140080964597040800e+16 4.024873947288900800e+16
3.915536348399636800e+16 3.808310722717436800e+16
3.968054423691121600e+16 3.877249512613531200e+16
3.790233080674218400e+16 3.705081367851992800e+16
3.569474989106191200e+16 3.487886767150347600e+16
3.364724422985203200e+16 3.281810950448751200e+16
3.394871548796938400e+16 3.321771233479344400e+16
3.648733725748020000e+16 3.575968423042665600e+16
3.065606988603006400e+16 2.996786003081225600e+16
2.830427275551452000e+16 2.761920670943964400e+16
2.826108486711647600e+16 2.760096304911816000e+16
2.608813283245375200e+16 2.542533794570450000e+16
2.576909912068731200e+16 2.511142044018126000e+16
3.858560201814259200e+16 3.789347817395642400e+16
2.249591539333982800e+16 2.190017241727672800e+16
2.183941022859250400e+16 2.120152298967105200e+16
1.942440818838836400e+16 1.889881055462475600e+16
2.100582065231038800e+16 2.044149275516792000e+16
2.063112534939170000e+16 2.009301082920406000e+16
2.001653816103233200e+16 1.952142168154544000e+16
1.883632026678787200e+16 1.829511997672807600e+16
1.642888851535404800e+16 1.607848765752084000e+16
1.547733717861940200e+16 1.511031761825768000e+16
1.465132848129574000e+16 1.432244939482049000e+16
1.462969091963335200e+16 1.425969911591661400e+16
1.578340198379013200e+16 1.540388448275609600e+16
1.348184291618449400e+16 1.333445918123035600e+16
1.372066653406113200e+16 1.358739572122149200e+16
1.221955450430362800e+16 1.208588085853128400e+16
1.617045757376090000e+16 1.603626966457731200e+16
1.477001235188256000e+16 1.466338161493487800e+16
1.158179044428609200e+16 1.147425353575112600e+16
1.196173571431547400e+16 1.186074156183781000e+16
1.266735420386309000e+16 1.257783981627449600e+16
1.149792938806546400e+16 1.141860187185473400e+16
1.315163838107431200e+16 1.308126858150686600e+16
9.081570629815234000e+15 9.012407061423568000e+15
8.379993635049574000e+15 8.315697010573617000e+15
8.421029178895849000e+15 8.356568891305681000e+15
8.420849479217348000e+15 8.355688297715129000e+15
8.614976101557315000e+15 8.554732880637511000e+15
7.031069803709042000e+15 6.970698215191901000e+15
6.494363611415150000e+15 6.425257695569049000e+15
7.112033605266534000e+15 7.053306102469107000e+15
7.408925663584121000e+15 7.362595635467491000e+15
6.545897264088696000e+15 6.502227192809374000e+15
5.701661107036453000e+15 5.654282614212018000e+15
5.240063605766556000e+15 5.197664896157844000e+15
5.625017274996191000e+15 5.588358017835674000e+15
5.353124040367286000e+15 5.317719072813338000e+15
4.725376513673483000e+15 4.660327080553295000e+15
4.754718465390750000e+15 4.726048622915774000e+15
4.069271299176910500e+15 4.037969583040937500e+15
4.202704332383216500e+15 4.178226179933499500e+15
4.237990211505423500e+15 4.216591056616251500e+15
3.641481468973446500e+15 3.619215480502366500e+15
3.781346074975622500e+15 3.760942902926036000e+15
3.578032562869121500e+15 3.556409724507564500e+15
3.465907338203941000e+15 3.445672650450476500e+15
3.366505027660291500e+15 3.349881303263621000e+15
3.392440884107832500e+15 3.376403005467428000e+15
3.983881611071776000e+15 3.967114871723231000e+15
3.388095975904193500e+15 3.371228237303054000e+15
3.130084259471166000e+15 3.115041029303989000e+15
3.513368675677855000e+15 3.499911991833829000e+15
3.064891679442691500e+15 3.052344361805924500e+15
3.150521688716100500e+15 3.135988215095276000e+15
4.159845246232642000e+15 4.148076023722827000e+15
2.849856258033277000e+15 2.838218065710044500e+15
3.713815777537579000e+15 3.701778252927861500e+15
1.909573443003421750e+15 1.900037919081786000e+15
1.971769231663974500e+15 1.961380863019138750e+15
1.963280378590698000e+15 1.953748463578617500e+15
1.957921419954604250e+15 1.948710224677627250e+15
2.045447856802149000e+15 2.036686548890256500e+15
1.795862324006259750e+15 1.786901541258337250e+15
1.464725249395863000e+15 1.454936701598346000e+15
1.543624600754805000e+15 1.532109701403743250e+15
1.276622738654082500e+15 1.269340738259297000e+15
2.024315461588988250e+15 2.016845414665748500e+15
2.035126820561779750e+15 2.029140005999277000e+15
1.478556497345801000e+15 1.472586825879201750e+15
1.314270159331898000e+15 1.308319253825885500e+15
1.409565057147251500e+15 1.403269264163992750e+15
1.205705159525115500e+15 1.199627850362975750e+15
1.190105500951278500e+15 1.184754403911424000e+15
1.278788356090309250e+15 1.275783240852248750e+15
1.096727315318231500e+15 1.093222741095139000e+15
9.683080311971692500e+14 9.656541174330042500e+14
1.029635476001328500e+15 1.027173428912676000e+15
1.200912711329931000e+15 1.198100898388083250e+15
1.239821705716964250e+15 1.236990336767554500e+15
1.140347632212099000e+15 1.137717146248827250e+15
1.094966676723999375e+15 1.092744646783230375e+15
9.854563557867107500e+14 9.836403206619955000e+14
9.776098812670061250e+14 9.758565609193601250e+14
9.478013317765145000e+14 9.460464443862977500e+14
1.171005105011606750e+15 1.168966445607709250e+15
1.063248367947158375e+15 1.061660597624631875e+15
7.795106930264727500e+14 7.777069842265146250e+14
7.569292168206793750e+14 7.548649445393323750e+14
8.421559644949962500e+14 8.412692958770625000e+14
7.743112303210385000e+14 7.728271990266060000e+14
8.408599942256023750e+14 8.399052136067697500e+14
6.879638760357638750e+14 6.872694581322131250e+14
7.587075796250626250e+14 7.580916504951212500e+14
7.179196356276187500e+14 7.173959958480223750e+14
4.915902708341889375e+14 4.910700669154088125e+14
3.986515708936926250e+14 3.981278386021745625e+14
4.866352154004364375e+14 4.859757161424155000e+14
5.031458018406358750e+14 5.026263113172660000e+14
4.329274496988798750e+14 4.323735983870516250e+14
3.958772094688308125e+14 3.954315137976973750e+14
3.456518266584733750e+14 3.451769547080408125e+14
3.068784319651382500e+14 3.063957729265186875e+14
3.321108837379292500e+14 3.316689043412858750e+14
3.314895213706972500e+14 3.312027094894522500e+14
3.253084006353030000e+14 3.250332327556452500e+14
3.086799718410239375e+14 3.084035973076264375e+14
3.206469969932118750e+14 3.203395408039928125e+14
2.450911566982777188e+14 2.448456351244300000e+14
2.526381555296408438e+14 2.523954460374736875e+14
2.457822740441024375e+14 2.455694113583532500e+14
2.791629946667410000e+14 2.789460397628875000e+14
2.705809284660320938e+14 2.703603571301936562e+14
2.491955026622846250e+14 2.489581213309441562e+14
3.056202045774447500e+14 3.053813753517662500e+14
2.240531249589967812e+14 2.237457459294786562e+14
1.880913679880306250e+14 1.879389141780686875e+14
1.716949577258311250e+14 1.715388617575223125e+14
1.775488619811717500e+14 1.774125320273969688e+14
1.857128767030714375e+14 1.855532976920784688e+14
1.455414703022543750e+14 1.454361656049901875e+14
1.435774014007431562e+14 1.434600226151816562e+14
1.518085811178429062e+14 1.517034677368463750e+14
1.333040273132450938e+14 1.332075061379339375e+14
1.393300500465075938e+14 1.392419801354097500e+14
1.524756492516965625e+14 1.523866585208079688e+14
1.484447988635954375e+14 1.483550559749397500e+14
1.081743699205583750e+14 1.080942711114760312e+14
1.180590971331019688e+14 1.179497062609706719e+14
1.078110946979373906e+14 1.077417767464306406e+14
7.122128958241978125e+13 7.115086461784934375e+13
6.406780241851148438e+13 6.399659924643379688e+13
6.375986692728751562e+13 6.368643806128331250e+13
1.259312504246720469e+14 1.258574917788466562e+14
6.678978915861989844e+13 6.671290868929885156e+13
5.782789093950727344e+13 5.774852274733800781e+13
7.530789526001114062e+13 7.523839842349290625e+13
5.943205274787430469e+13 5.935240033364448438e+13
6.209517634945953906e+13 6.201637655378457812e+13
5.773685646245854688e+13 5.768717025835566406e+13
5.206195680191471875e+13 5.201298447406755469e+13
4.686407889339721875e+13 4.680546223002556250e+13
4.876805566274852344e+13 4.870324163469466406e+13
5.369226128391862500e+13 5.366567986626139062e+13
5.118162952512360938e+13 5.115456827851845312e+13
4.479169491179014062e+13 4.476471908924817188e+13
5.322891956945139844e+13 5.320106035769060938e+13
4.416554378403290625e+13 4.413896966403870312e+13
3.707561162439189844e+13 3.704323830007309375e+13
4.407245192987935156e+13 4.403995689894722656e+13
3.494938941252854297e+13 3.492477745805471875e+13
2.948907113611793359e+13 2.946286434945966016e+13
2.681020577583076172e+13 2.678325430426080469e+13
2.714694046993150000e+13 2.712098932613430078e+13
2.569522465261852734e+13 2.567440951260748438e+13
2.436424651319917578e+13 2.434174066987431641e+13
2.664014576513075781e+13 2.661456327067286719e+13
2.444492464762214062e+13 2.442791952484886328e+13
3.051712527369147266e+13 3.050060402506409375e+13
1.828826428793298047e+13 1.827236185383930469e+13
2.532813790522606641e+13 2.531020736994195312e+13
2.324551939162553125e+13 2.323192203753728516e+13
2.072512567592665234e+13 2.071243437861940625e+13
1.999064376050334766e+13 1.997772128652619531e+13
1.775138745034091797e+13 1.773801304992988281e+13
2.216876771249813281e+13 2.215537543348984766e+13
1.972384344010139062e+13 1.970956940580451562e+13
2.234548393336008594e+13 2.232911129314048047e+13
2.255385124792350391e+13 2.253590487867461328e+13
2.691948105375329688e+13 2.689090512965703516e+13
2.042150504346199219e+13 2.041312451997394531e+13
1.514942285743856250e+13 1.514320412751802734e+13
1.246352293065894336e+13 1.245803790856091016e+13
1.125901380865308398e+13 1.125219348123368945e+13
1.227556461992599609e+13 1.227124676157132227e+13
1.127567693198430664e+13 1.127162112596730469e+13
1.205656980274854492e+13 1.205214930728068164e+13
1.163230060614185938e+13 1.162826334826051172e+13
1.144359510282322852e+13 1.143972666136219141e+13
8.640396694734400391e+12 8.636373660798897461e+12
8.287846792125378906e+12 8.283510651141337891e+12
7.687420394799183594e+12 7.681434992913056641e+12
8.121519341424083008e+12 8.117978393521250977e+12
8.503663100993561523e+12 8.500207366531788086e+12
8.057347791801692383e+12 8.053641265477342773e+12
8.815756172550751953e+12 8.812353309737488281e+12
8.140315567460290039e+12 8.136678639965864258e+12
7.892804541946536133e+12 7.889262367546954102e+12
8.333941233097477539e+12 8.330437463740109375e+12
6.623752425182472656e+12 6.619880591988353516e+12
5.907768965585640625e+12 5.903392819714914062e+12
5.488905033697245117e+12 5.485006297642859375e+12
4.958827966286173828e+12 4.953914734337057617e+12
1.041619595768276758e+13 1.040699638630151953e+13
7.892438993498105469e+12 7.892321521573753906e+12
7.261424345242672852e+12 7.261378719354388672e+12
6.770381942319807617e+12 6.770369395848259766e+12
6.542584674260458984e+12 6.542570809391492188e+12
6.743549267998015625e+12 6.743533219458323242e+12
6.093750551650634766e+12 6.093730006193513672e+12
7.097140502856819336e+12 7.097101158079658203e+12
5.499337434415821289e+12 5.499337434415821289e+12
8.276185331022590820e+12 8.276185331022590820e+12
4.901985086588051758e+12 4.901985086588051758e+12
5.419523310465302734e+12 5.419523310465302734e+12
4.703841836621233398e+12 4.703841836621233398e+12
4.924427980752011719e+12 4.924427980752011719e+12
5.108313434243417969e+12 5.108313434243417969e+12
4.819253711491172852e+12 4.819253711491172852e+12
2.317273090228975586e+12 2.317273090228975586e+12
2.243143784878116699e+12 2.243143784878116699e+12
2.166926699716437988e+12 2.166926699716437988e+12
5.238451151581865234e+12 5.238451151581865234e+12
4.158320746944218750e+12 4.158320746944218750e+12
3.985660465792807129e+12 3.985660465792807129e+12
3.268472119163187500e+12 3.268472119163187500e+12
2.876506851439681152e+12 2.876506851439681152e+12
2.703126937034334961e+12 2.703126937034334961e+12
2.610196827710360840e+12 2.610196827710360840e+12
2.373803796972629395e+12 2.373803796972629395e+12
2.318369978641794434e+12 2.318369978641794434e+12
2.279912585580273438e+12 2.279912585580273438e+12
4.780107203820123047e+12 4.780107203820123047e+12
3.513363450115666016e+12 3.513363450115666016e+12
3.039172002595306641e+12 3.039172002595306641e+12
2.955782585872554199e+12 2.955782585872554199e+12
2.607892925053491211e+12 2.607892925053491211e+12
2.584582391888892578e+12 2.584582391888892578e+12
2.603063972431604980e+12 2.603063972431604980e+12
2.783756577230380371e+12 2.783756577230380371e+12
2.692908279320722168e+12 2.692908279320722168e+12
3.346325621826180664e+12 3.346325621826180664e+12
1.466049282231563721e+12 1.466049282231563721e+12
1.261700592790332031e+12 1.261700592790332031e+12
1.318492320608390625e+12 1.318492320608390625e+12
1.193578017794280518e+12 1.193578017794280518e+12
1.185514357079738770e+12 1.185514357079738770e+12
1.299134877855340576e+12 1.299134877855340576e+12
1.161922121521316650e+12 1.161922121521316650e+12
1.191060459151568848e+12 1.191060459151568848e+12
1.252517455635979004e+12 1.252517455635979004e+12
1.237539382445532715e+12 1.237539382445532715e+12
9.520071554550578613e+11 9.520071554550578613e+11
8.563050267408297119e+11 8.563050267408297119e+11
8.788053907628927002e+11 8.788053907628927002e+11
9.404238345641479492e+11 9.404238345641479492e+11
1.039610817451654907e+12 1.039610817451654907e+12
7.585985567784516602e+11 7.585985567784516602e+11
8.513792180180028076e+11 8.513792180180028076e+11
1.590659546826421875e+12 1.590659546826421875e+12
9.224122084328682861e+11 9.224122084328682861e+11
8.838645635512656250e+11 8.838645635512656250e+11
8.177215398558684082e+11 8.177215398558684082e+11
8.763687543887067871e+11 8.763687543887067871e+11
8.287319910169376221e+11 8.287319910169376221e+11
8.304264416920051270e+11 8.304264416920051270e+11
8.588047815292885742e+11 8.588047815292885742e+11
9.207658269712169189e+11 9.207658269712169189e+11
1.048112185240204224e+12 1.048112185240204224e+12
1.396517156258587646e+12 1.396517156258587646e+12
4.119662547775338135e+11 4.119662547775338135e+11
2.733281760746132202e+11 2.733281760746132202e+11
3.241656726186093750e+11 3.241656726186093750e+11
6.051114170831772461e+11 6.051114170831772461e+11
6.527002014647370911e+10 6.527002014647370911e+10
6.625426129378634644e+10 6.625426129378634644e+10
7.961104419967147827e+10 7.961104419967147827e+10
5.916461031893178558e+10 5.916461031893178558e+10
5.975665762510684967e+10 5.975665762510684967e+10
6.103387428280786133e+10 6.103387428280786133e+10
6.332130647627729034e+10 6.332130647627729034e+10
6.730198810293735504e+10 6.730198810293735504e+10
7.472116276081408691e+10 7.472116276081408691e+10
9.236419146020739746e+10 9.236419146020739746e+10
6.003244758983158112e+10 6.003244758983158112e+10
1.686538112396220207e+10 1.686538112396220207e+10
1.660091424808793068e+10 1.660091424808793068e+10
1.655085556564426422e+10 1.655085556564426422e+10
1.886187020410746765e+10 1.886187020410746765e+10
1.468557460629077530e+10 1.468557460629077530e+10
1.443434941298963547e+10 1.443434941298963547e+10
1.421982186022766876e+10 1.421982186022766876e+10
1.404274941695461845e+10 1.404274941695461845e+10
1.390470065485474968e+10 1.390470065485474968e+10
1.380823434559107590e+10 1.380823434559107590e+10
1.375717397511722374e+10 1.375717397511722374e+10
1.375702784819295692e+10 1.375702784819295692e+10
1.381564136090724182e+10 1.381564136090724182e+10
1.394423641048011589e+10 1.394423641048011589e+10
1.415912873361861801e+10 1.415912873361861801e+10
1.448470139321365547e+10 1.448470139321365547e+10
1.495886964133915901e+10 1.495886964133915901e+10
1.564392476731414795e+10 1.564392476731414795e+10
1.665034386884598923e+10 1.665034386884598923e+10
1.819692716714650345e+10 1.819692716714650345e+10
2.079797074302689362e+10 2.079797074302689362e+10
2.609646246264799500e+10 2.609646246264799500e+10
4.593554861354600525e+10 4.593554861354600525e+10
1.767568329258579512e-19 1.767207583478575169e-19
2.434895785342852976e-19 2.434478559007028389e-19
2.247658598836203633e-19 2.247296738464520226e-19
1.754314419939806854e-19 1.753890885130215757e-19
2.153899942165877951e-19 2.153574783002612888e-19
1.824524131893605001e-19 1.824168329167654917e-19
1.724906759668413533e-19 1.724644430071765508e-19
1.985930241303079139e-19 1.985669525439983342e-19
1.654211670341733453e-19 1.653948060815875665e-19
1.499249590225873868e-19 1.498998326259722163e-19
1.312645543308108010e-19 1.312395023535024234e-19
1.286572960405610342e-19 1.286318997317645722e-19
1.292007967532265793e-19 1.291771116199913279e-19
1.176792651725679949e-19 1.176555168639978556e-19
1.540070171344660851e-19 1.539830021633272458e-19
1.308053966097181033e-19 1.307804622230360438e-19
1.262158774571079496e-19 1.261897258084036676e-19
1.266652799157745419e-19 1.266363386512145012e-19
1.370865183458608873e-19 1.370687390066325492e-19
1.791533703881821086e-19 1.791368458128353686e-19
9.004460863546761322e-20 9.002821763313514246e-20
8.837162942906684218e-20 8.835528931000552013e-20
8.725744583088795819e-20 8.724098103701413031e-20
8.695765577954758296e-20 8.693988928196191122e-20
8.663306986118573311e-20 8.661846364208385560e-20
8.915830074358298370e-20 8.914383107702473571e-20
1.040357865604934538e-19 1.040214112416765517e-19
8.050656723858016961e-20 8.049218694969867891e-20
6.693140554857079834e-20 6.691743124017862567e-20
6.697488450435998383e-20 6.696095530110814083e-20
6.833035427216250011e-20 6.831642506581750528e-20
7.964817334728815766e-20 7.963418248768647860e-20
5.528936655475222863e-20 5.527521983836610556e-20
5.501089678831750600e-20 5.499642244115423635e-20
5.539085041436391527e-20 5.537556946725578147e-20
5.958959343536648749e-20 5.957627331021883678e-20
5.118174905182407384e-20 5.116794595227603150e-20
5.201585068579879041e-20 5.200105931939749067e-20
5.603458096308527415e-20 5.601432842675657347e-20
4.792486246536833039e-20 4.791163356029874643e-20
4.801810399245662291e-20 4.800620178986173265e-20
6.142368772602052557e-20 6.141056778867808797e-20
4.021341690687700778e-20 4.019601055440334846e-20
4.159392266633697395e-20 4.158768130849268851e-20
4.878078167429116039e-20 4.877452342209205304e-20
8.067189611371171598e-20 8.066580264652321523e-20
6.676007819520359331e-20 6.675397764744405595e-20
5.393731300372857019e-20 5.393117131959435716e-20
5.289115244324710067e-20 5.288489730957765200e-20
6.417709904789921332e-20 6.417100114077266528e-20
3.626947078077031674e-20 3.626323652926522214e-20
3.497022366377686498e-20 3.496376241328212163e-20
3.434356657364388828e-20 3.433671443370618433e-20
3.386761612184757704e-20 3.385996961523207491e-20
3.494970124892815603e-20 3.493941172760812124e-20
4.839978431942313180e-20 4.838545796173127848e-20
2.400423096360730057e-20 2.400162187641663537e-20
2.319633358916883598e-20 2.319376695656289135e-20
2.245329286803815626e-20 2.245076510034911062e-20
2.176670211567706713e-20 2.176420874993501404e-20
2.113015355121815282e-20 2.112768811283607237e-20
2.053874978471422977e-20 2.053630010124590257e-20
1.998880957024740822e-20 1.998633314013722821e-20
1.947735878972600477e-20 1.947507927757886648e-20
1.900301724407372125e-20 1.900076417657539525e-20
1.856494655545354412e-20 1.856271513330892060e-20
1.826970246235534074e-20 1.826748692315311908e-20
1.779303168682592109e-20 1.779082349768994765e-20
1.746691367398923178e-20 1.746469395756479873e-20
1.718618262259521284e-20 1.718401620484531920e-20
1.696131674106281614e-20 1.695913153709753492e-20
1.681230048891388455e-20 1.681005950694179103e-20
1.678218390328368421e-20 1.678002604675920869e-20
1.698631035365254354e-20 1.698407205358201642e-20
1.830326637181745762e-20 1.830088955116654860e-20
1.412734495226854044e-20 1.412448433095658661e-20
1.345673494582905858e-20 1.345524540319308450e-20
1.331529317727403946e-20 1.331374212183087709e-20
1.299780129299548303e-20 1.299555460704243512e-20
1.290074537958868086e-20 1.289954353032498802e-20
1.297351507104482260e-20 1.297232534972554947e-20
1.227362500414992908e-20 1.227244368632506581e-20
1.224670611472234000e-20 1.224552613416068638e-20
1.231311760496477096e-20 1.231190429045116741e-20
1.255501466665384196e-20 1.255388966226651037e-20
1.328447348740941459e-20 1.328334911759914629e-20
2.371866737826664679e-20 2.371753787061077965e-20
1.015439665091484993e-20 1.015325322345301220e-20
1.024560875078876071e-20 1.024443563181146351e-20
1.046601197528290929e-20 1.046476642555738132e-20
1.095567546753242015e-20 1.095451009890712176e-20
1.237642358968559241e-20 1.237532406524702913e-20
9.537637916186418124e-21 9.536455801139169109e-21
7.341652075844898792e-21 7.340282918691499140e-21
7.451560721968670026e-21 7.449274529693654383e-21
7.716816240189165174e-21 7.716350263213970450e-21
8.465617095430075386e-21 8.465162168273912894e-21
5.794023338939354880e-21 5.793579097490308881e-21
5.891787560572446734e-21 5.891353626664117186e-21
6.147308074892129635e-21 6.146884013203346029e-21
7.194859663943175111e-21 7.194444984708264390e-21
3.820757120060783169e-21 3.820351176014156790e-21
3.738639052844068233e-21 3.738240728710778857e-21
3.660076529992392190e-21 3.659682150871445790e-21
3.585071042381134046e-21 3.584699578598646202e-21
3.513716289247788008e-21 3.513353223278459681e-21
3.446105034602201151e-21 3.445750039413377763e-21
3.382406848947622921e-21 3.382059575037880734e-21
3.322878324323072626e-21 3.322538120896691309e-21
3.267899462041792041e-21 3.267566673351399398e-21
3.218039181273286730e-21 3.217712962247457421e-21
3.174157862375476910e-21 3.173837721587489507e-21
3.137602488576591410e-21 3.137287801315572282e-21
3.110584325353600071e-21 3.110274279758236546e-21
3.096995278539631756e-21 3.096688699387275459e-21
3.104422088066160784e-21 3.104117030167647629e-21
3.150195817550918193e-21 3.149888313796035167e-21
3.286616592742011477e-21 3.286294481887442717e-21
3.823071900919355962e-21 3.822831213802479462e-21
2.248282037895567150e-21 2.248047023053908602e-21
2.206227275501363626e-21 2.205997705694679855e-21
2.166078695139963141e-21 2.165854284952255759e-21
2.127866215462896214e-21 2.127645742169471149e-21
2.091633510461333729e-21 2.091419496912047162e-21
2.057456517932119479e-21 2.057247013426803176e-21
2.025437420180993870e-21 2.025232041733307554e-21
1.995724888593461994e-21 1.995523088083428647e-21
1.968532104936703808e-21 1.968332948092127134e-21
1.944169248120260360e-21 1.943970597024007249e-21
1.923104049685026839e-21 1.922895928900666107e-21
1.905989246691762452e-21 1.905819707953770459e-21
1.894066211141918408e-21 1.893900898355555717e-21
1.889339390808753635e-21 1.889178170790137148e-21
1.895813184077598471e-21 1.895655885773275190e-21
1.922826199545374603e-21 1.922671918949688381e-21
1.999965080604744683e-21 1.999815971998112860e-21
2.337232543264995768e-21 2.337087154349626225e-21
1.499134403586214614e-21 1.498992634641864346e-21
1.484649138927396782e-21 1.484510891976311097e-21
1.472285782373234262e-21 1.472150941253952343e-21
1.462280805889781974e-21 1.462149326562793530e-21
1.454946607015262505e-21 1.454818370966027704e-21
1.450702431399841518e-21 1.450577348560154132e-21
1.450123436782758323e-21 1.450001418215486141e-21
1.454020897031514649e-21 1.453901854455581269e-21
1.463580964431825572e-21 1.463464809511481882e-21
1.480621420942497713e-21 1.480508064149090330e-21
1.508110599650048224e-21 1.507999948288827346e-21
1.551351789411191912e-21 1.551243743850481168e-21
1.621221146365317704e-21 1.621115591843619830e-21
1.746161313502528036e-21 1.746058098704347769e-21
2.059847215200470349e-21 2.059746075989760967e-21
1.522493249604282809e-21 1.522393257393330493e-21
1.926636500470845432e-21 1.926542214189586367e-21
7.093613842925473743e-22 7.092693762492018598e-22
7.098459882409706482e-22 7.097561927068107856e-22
7.122992131572513197e-22 7.122115647926544858e-22
7.171204284276316291e-22 7.170348618475417797e-22
7.248618153503782137e-22 7.247782645047771965e-22
7.363097589194844319e-22 7.362281561690587431e-22
7.526262144503319296e-22 7.525464891143963911e-22
7.756102054918765938e-22 7.755322814248001919e-22
8.082218434966277897e-22 8.081456347306105215e-22
8.557493295945166412e-22 8.556747317165582049e-22
9.288185986162270746e-22 9.287454692931843038e-22
1.053078974829025172e-21 1.053007080159150409e-21
1.315214391054512321e-21 1.315143196268332981e-21
2.513195529531376923e-21 2.513122141471707824e-21
1.292150681714096982e-22 1.291515619017988109e-22
1.273416642578498922e-22 1.272796934177701665e-22
1.255640125153934049e-22 1.255035362971358384e-22
1.238836755590781986e-22 1.238246541320373248e-22
1.223026912639724253e-22 1.222450857383173555e-22
1.208236474460195324e-22 1.207674198353384611e-22
1.194497736230046932e-22 1.193948868054331572e-22
1.181850544087277846e-22 1.181314720859302818e-22
1.170343707308365972e-22 1.169820573840587785e-22
1.160036772607996728e-22 1.159525981028601184e-22
5.690254049567508000e-21 5.690204170489230801e-21
2.901183565073037353e-21 2.901134852581985910e-21
2.185924649455460834e-21 2.185877070603964289e-21
1.815894999453737951e-21 1.815848521751774926e-21
1.578832567222457956e-21 1.578787158528791669e-21
1.409688388309030429e-21 1.409644016690425472e-21
1.280911907630367176e-21 1.280868541172730455e-21
1.178560182482277358e-21 1.178517789027143670e-21
1.094724689785787061e-21 1.094683236546515108e-21
1.024553557117351527e-21 1.024513010092476443e-21
9.649019498340598023e-22 9.648622728593225926e-22
9.136571464060247643e-22 9.136182995164127166e-22
8.693791161938024275e-22 8.693410525445808933e-22
8.311067396305288304e-22 8.310693990228961339e-22
7.982664678022469190e-22 7.982297606984527629e-22
7.706674169042714051e-22 7.706311733728122465e-22
7.486155964617838083e-22 7.485792919183839727e-22
7.332884265365640110e-22 7.332556858764986350e-22
7.280220680907245697e-22 7.279900565438154380e-22
7.523070336097305625e-22 7.522757300111159363e-22
8.090306224301532618e-22 8.090000059375764232e-22
4.861634427160984124e-22 4.861334927690659120e-22
4.669573570937035775e-22 4.669280533672963000e-22
4.490182261524461739e-22 4.489895485042841365e-22
4.322243766810750184e-22 4.321963050894206339e-22
4.164707761040774572e-22 4.164432905944399712e-22
4.016662804439635078e-22 4.016393610005330691e-22
3.877314611513687663e-22 3.877050876083064743e-22
3.745968893625532282e-22 3.745710412680606811e-22
3.622017953578762736e-22 3.621764518009781059e-22
3.504930591503493797e-22 3.504681985356299414e-22
3.394245213755936528e-22 3.394001211238882651e-22
3.289566610291951892e-22 3.289326971700647787e-22
3.190567874630081901e-22 3.190332340654882352e-22
3.097001157803798838e-22 3.096769441331806859e-22
3.008726682464582699e-22 3.008498456360331685e-22
2.925786524990233121e-22 2.925561403121083673e-22
2.848611735699986185e-22 2.848389241975018324e-22
2.778751245324849945e-22 2.778530759959456939e-22
2.722942660399530225e-22 2.722723318923762303e-22
2.908963475122947414e-22 2.908743957040739424e-22
2.515666759921588530e-22 2.515444772415929647e-22
2.451677643888660859e-22 2.451448306510909129e-22
2.390739070741376806e-22 2.390486668877239675e-22
2.332581089552910525e-22 2.332425964830743700e-22
2.277296934692372687e-22 2.277145109593383871e-22
2.224683654634643669e-22 2.224535037593223625e-22
2.174643564367330563e-22 2.174498065843036640e-22
2.127089870574807050e-22 2.126947402978086989e-22
2.081946334355689127e-22 2.081806811973901796e-22
2.039147073042303661e-22 2.039010411965633988e-22
1.998636516956475720e-22 1.998502635003689301e-22
1.960369527961509645e-22 1.960238344605247957e-22
1.924311701682096034e-22 1.924183137973431328e-22
1.890439869133436822e-22 1.890313847625466404e-22
1.858742847279828477e-22 1.858619291949996389e-22
1.829222470527967202e-22 1.829101306698674398e-22
1.801894982859372275e-22 1.801776137116591263e-22
1.776792873509466492e-22 1.776676273618781182e-22
1.753967274013170326e-22 1.753852848832860214e-22
1.733491101448862057e-22 1.733378780839272785e-22
1.715463154443768498e-22 1.715352869172370937e-22
1.700013507129788127e-22 1.699905188771238788e-22
1.687310675346922383e-22 1.687204256176956712e-22
1.677571210287702264e-22 1.677466623169947471e-22
1.671072730975721871e-22 1.670969909240089918e-22
1.668171920682151348e-22 1.668070797993464764e-22
1.669329800971878919e-22 1.669230311186656325e-22
1.675148006007614069e-22 1.675050083017225378e-22
1.686422113339646787e-22 1.686325690897035697e-22
1.704222356188479546e-22 1.704127367715586768e-22
1.730019836984996482e-22 1.729926215357107777e-22
1.765891954306298719e-22 1.765799631608683009e-22
1.814873050710934111e-22 1.814781957962560928e-22
1.881589032534318183e-22 1.881499099371339831e-22
1.973493852258235456e-22 1.973405006569010824e-22
2.103521376178573579e-22 2.103433543679356997e-22
2.296568076584587649e-22 2.296481180321780384e-22
2.608683491306477615e-22 2.608597451065403347e-22
3.204998569004453033e-22 3.204913300696748739e-22
4.995261486072209697e-22 4.995176900688431267e-22
8.399722611300480041e-27 0.000000000000000000e+00
8.351089620723296091e-27 0.000000000000000000e+00
8.313500237593592203e-27 0.000000000000000000e+00
8.288009138112845522e-27 0.000000000000000000e+00
8.275917076392969013e-27 0.000000000000000000e+00
8.278841722047444515e-27 0.000000000000000000e+00
8.298816119294906807e-27 0.000000000000000000e+00
8.338437773778977193e-27 0.000000000000000000e+00
8.400884204883977457e-27 0.000000000000000000e+00
8.490723951719441254e-27 0.000000000000000000e+00
8.613690383569324908e-27 0.000000000000000000e+00
8.777754351963690483e-27 0.000000000000000000e+00
8.994146306963676462e-27 0.000000000000000000e+00
9.279258940537023864e-27 0.000000000000000000e+00
9.658104060603719135e-27 0.000000000000000000e+00
1.017108153757998866e-26 0.000000000000000000e+00
1.088859530399419989e-26 0.000000000000000000e+00
1.194712947738782413e-26 0.000000000000000000e+00
1.365764956921176581e-26 0.000000000000000000e+00
1.695794857079227582e-26 0.000000000000000000e+00
2.740828496274824088e-26 0.000000000000000000e+00
8.641598947654834334e-33 0.000000000000000000e+00
8.500408835014042417e-33 0.000000000000000000e+00
8.364821304489897208e-33 0.000000000000000000e+00
8.234840570761541490e-33 0.000000000000000000e+00
8.110486309308429746e-33 0.000000000000000000e+00
7.991795455745524808e-33 0.000000000000000000e+00
7.878824341852350613e-33 0.000000000000000000e+00
7.771651257596982028e-33 0.000000000000000000e+00
7.670379530508022982e-33 0.000000000000000000e+00
7.575141258948153783e-33 0.000000000000000000e+00
7.486101849475994157e-33 0.000000000000000000e+00
7.403465564146210833e-33 0.000000000000000000e+00
7.327482380724104996e-33 0.000000000000000000e+00
7.258456486850674370e-33 0.000000000000000000e+00
7.196756936873641099e-33 0.000000000000000000e+00
7.142831090684140197e-33 0.000000000000000000e+00
7.097221786326837073e-33 0.000000000000000000e+00
7.060589478044996769e-33 0.000000000000000000e+00
7.033741119520254453e-33 0.000000000000000000e+00
7.017668364889390171e-33 0.000000000000000000e+00
7.013598853479762248e-33 0.000000000000000000e+00
7.023066141319180007e-33 0.000000000000000000e+00
7.048006830489355088e-33 0.000000000000000000e+00
7.090898383392838466e-33 0.000000000000000000e+00
7.154959163178317489e-33 0.000000000000000000e+00
7.244446877852929416e-33 0.000000000000000000e+00
7.365118025672802549e-33 0.000000000000000000e+00
7.524961679212421040e-33 0.000000000000000000e+00
7.735424315718121580e-33 0.000000000000000000e+00
8.013566450657000172e-33 0.000000000000000000e+00
8.386121306458574967e-33 0.000000000000000000e+00
8.897812184060692901e-33 0.000000000000000000e+00
9.630446317913827427e-33 0.000000000000000000e+00
1.075437596904416988e-32 0.000000000000000000e+00
1.270637335123641738e-32 0.000000000000000000e+00
1.716814968522347893e-32 0.000000000000000000e+00
6.927172226937841805e-32 0.000000000000000000e+00
0.000000000000000000e+00 0.000000000000000000e+00
0.000000000000000000e+00 0.000000000000000000e+00
0.000000000000000000e+00 0.000000000000000000e+00
0.000000000000000000e+00 0.000000000000000000e+00
0.000000000000000000e+00 0.000000000000000000e+00
0.000000000000000000e+00 0.000000000000000000e+00
0.000000000000000000e+00 0.000000000000000000e+00
0.000000000000000000e+00 0.000000000000000000e+00
0.000000000000000000e+00 0.000000000000000000e+00
0.000000000000000000e+00 0.000000000000000000e+00
0.000000000000000000e+00 0.000000000000000000e+00
0.000000000000000000e+00 0.000000000000000000e+00
0.000000000000000000e+00 0.000000000000000000e+00
0.000000000000000000e+00 0.000000000000000000e+00
0.000000000000000000e+00 0.000000000000000000e+00
0.000000000000000000e+00 0.000000000000000000e+00
0.000000000000000000e+00 0.000000000000000000e+00
0.000000000000000000e+00 0.000000000000000000e+00
0.000000000000000000e+00 0.000000000000000000e+00
0.000000000000000000e+00 0.000000000000000000e+00
0.000000000000000000e+00 0.000000000000000000e+00
0.000000000000000000e+00 0.000000000000000000e+00
0.000000000000000000e+00 0.000000000000000000e+00
0.000000000000000000e+00 0.000000000000000000e+00
0.000000000000000000e+00 0.000000000000000000e+00
0.000000000000000000e+00 0.000000000000000000e+00
0.000000000000000000e+00 0.000000000000000000e+00
0.000000000000000000e+00 0.000000000000000000e+00
0.000000000000000000e+00 0.000000000000000000e+00
0.000000000000000000e+00 0.000000000000000000e+00
0.000000000000000000e+00 0.000000000000000000e+00
0.000000000000000000e+00 0.000000000000000000e+00
0.000000000000000000e+00 0.000000000000000000e+00
0.000000000000000000e+00 0.000000000000000000e+00
0.000000000000000000e+00 0.000000000000000000e+00
0.000000000000000000e+00 0.000000000000000000e+00
0.000000000000000000e+00 0.000000000000000000e+00
0.000000000000000000e+00 0.000000000000000000e+00
0.000000000000000000e+00 0.000000000000000000e+00
0.000000000000000000e+00 0.000000000000000000e+00
0.000000000000000000e+00 0.000000000000000000e+00
0.000000000000000000e+00 0.000000000000000000e+00
0.000000000000000000e+00 0.000000000000000000e+00
0.000000000000000000e+00 0.000000000000000000e+00
0.000000000000000000e+00 0.000000000000000000e+00
0.000000000000000000e+00 0.000000000000000000e+00
0.000000000000000000e+00 0.000000000000000000e+00
0.000000000000000000e+00 0.000000000000000000e+00
0.000000000000000000e+00 0.000000000000000000e+00
0.000000000000000000e+00 0.000000000000000000e+00
0.000000000000000000e+00 0.000000000000000000e+00
0.000000000000000000e+00 0.000000000000000000e+00
0.000000000000000000e+00 0.000000000000000000e+00
0.000000000000000000e+00 0.000000000000000000e+00
0.000000000000000000e+00 0.000000000000000000e+00
0.000000000000000000e+00 0.000000000000000000e+00
0.000000000000000000e+00 0.000000000000000000e+00
0.000000000000000000e+00 0.000000000000000000e+00
0.000000000000000000e+00 0.000000000000000000e+00
0.000000000000000000e+00 0.000000000000000000e+00
0.000000000000000000e+00 0.000000000000000000e+00
0.000000000000000000e+00 0.000000000000000000e+00
0.000000000000000000e+00 0.000000000000000000e+00
0.000000000000000000e+00 0.000000000000000000e+00
0.000000000000000000e+00 0.000000000000000000e+00
0.000000000000000000e+00 0.000000000000000000e+00
0.000000000000000000e+00 0.000000000000000000e+00
0.000000000000000000e+00 0.000000000000000000e+00
0.000000000000000000e+00 0.000000000000000000e+00
0.000000000000000000e+00 0.000000000000000000e+00
0.000000000000000000e+00 0.000000000000000000e+00
0.000000000000000000e+00 0.000000000000000000e+00
0.000000000000000000e+00 0.000000000000000000e+00
0.000000000000000000e+00 0.000000000000000000e+00
0.000000000000000000e+00 0.000000000000000000e+00
0.000000000000000000e+00 0.000000000000000000e+00
0.000000000000000000e+00 0.000000000000000000e+00
0.000000000000000000e+00 0.000000000000000000e+00
0.000000000000000000e+00 0.000000000000000000e+00
0.000000000000000000e+00 0.000000000000000000e+00
0.000000000000000000e+00 0.000000000000000000e+00
0.000000000000000000e+00 0.000000000000000000e+00
0.000000000000000000e+00 0.000000000000000000e+00
0.000000000000000000e+00 0.000000000000000000e+00
0.000000000000000000e+00 0.000000000000000000e+00
0.000000000000000000e+00 0.000000000000000000e+00
0.000000000000000000e+00 0.000000000000000000e+00
0.000000000000000000e+00 0.000000000000000000e+00
0.000000000000000000e+00 0.000000000000000000e+00
0.000000000000000000e+00 0.000000000000000000e+00
0.000000000000000000e+00 0.000000000000000000e+00
0.000000000000000000e+00 0.000000000000000000e+00
0.000000000000000000e+00 0.000000000000000000e+00
0.000000000000000000e+00 0.000000000000000000e+00
0.000000000000000000e+00 0.000000000000000000e+00
0.000000000000000000e+00 0.000000000000000000e+00
0.000000000000000000e+00 0.000000000000000000e+00
0.000000000000000000e+00 0.000000000000000000e+00
0.000000000000000000e+00 0.000000000000000000e+00
0.000000000000000000e+00 0.000000000000000000e+00
0.000000000000000000e+00 0.000000000000000000e+00
0.000000000000000000e+00 0.000000000000000000e+00
0.000000000000000000e+00 0.000000000000000000e+00
0.000000000000000000e+00 0.000000000000000000e+00
0.000000000000000000e+00 0.000000000000000000e+00
0.000000000000000000e+00 0.000000000000000000e+00
0.000000000000000000e+00 0.000000000000000000e+00
0.000000000000000000e+00 0.000000000000000000e+00
0.000000000000000000e+00 0.000000000000000000e+00
0.000000000000000000e+00 0.000000000000000000e+00
0.000000000000000000e+00 0.000000000000000000e+00
0.000000000000000000e+00 0.000000000000000000e+00
0.000000000000000000e+00 0.000000000000000000e+00
0.000000000000000000e+00 0.000000000000000000e+00
0.000000000000000000e+00 0.000000000000000000e+00
0.000000000000000000e+00 0.000000000000000000e+00
0.000000000000000000e+00 0.000000000000000000e+00
0.000000000000000000e+00 0.000000000000000000e+00
0.000000000000000000e+00 0.000000000000000000e+00
0.000000000000000000e+00 0.000000000000000000e+00
0.000000000000000000e+00 0.000000000000000000e+00
0.000000000000000000e+00 0.000000000000000000e+00
0.000000000000000000e+00 0.000000000000000000e+00
0.000000000000000000e+00 0.000000000000000000e+00
0.000000000000000000e+00 0.000000000000000000e+00
0.000000000000000000e+00 0.000000000000000000e+00
0.000000000000000000e+00 0.000000000000000000e+00
0.000000000000000000e+00 0.000000000000000000e+00
