9.367534817789040111e+23 0.000000000000000000e+00
1.023900671711567747e+24 0.000000000000000000e+00
8.523145253678452887e+23 0.000000000000000000e+00
8.223133672512384139e+23 0.000000000000000000e+00
8.104289099910072270e+23 0.000000000000000000e+00
7.981861474566494560e+23 0.000000000000000000e+00
7.851681252812230639e+23 0.000000000000000000e+00
7.618369195143118518e+23 0.000000000000000000e+00
7.510320245565394717e+23 0.000000000000000000e+00
7.393076022203398824e+23 0.000000000000000000e+00
7.302139275102334369e+23 0.000000000000000000e+00
7.245641980341581712e+23 0.000000000000000000e+00
6.907699511416087621e+23 0.000000000000000000e+00
6.824476656476135988e+23 0.000000000000000000e+00
6.679820193573010271e+23 0.000000000000000000e+00
6.627720398588465318e+23 0.000000000000000000e+00
6.447915041018849578e+23 0.000000000000000000e+00
6.366570189418277571e+23 0.000000000000000000e+00
6.242995904210405887e+23 0.000000000000000000e+00
6.104110387769097176e+23 0.000000000000000000e+00
6.013229144859553814e+23 0.000000000000000000e+00
5.921328613489586240e+23 0.000000000000000000e+00
5.849876623219403994e+23 0.000000000000000000e+00
5.758383840436513554e+23 0.000000000000000000e+00
5.643195376528543145e+23 0.000000000000000000e+00
5.590461649237384385e+23 0.000000000000000000e+00
5.475611445321706462e+23 0.000000000000000000e+00
5.438534585221950640e+23 0.000000000000000000e+00
5.281661201065556239e+23 0.000000000000000000e+00
5.255392981419306716e+23 0.000000000000000000e+00
5.173120805016643767e+23 0.000000000000000000e+00
5.463710803041898306e+23 0.000000000000000000e+00
4.780505726002846310e+23 0.000000000000000000e+00
4.712292565405959350e+23 0.000000000000000000e+00
4.628803538424641062e+23 0.000000000000000000e+00
4.560802822416401128e+23 0.000000000000000000e+00
4.502787020583892052e+23 0.000000000000000000e+00
4.427190704355844366e+23 0.000000000000000000e+00
4.367424435181192888e+23 0.000000000000000000e+00
4.303656484459857670e+23 0.000000000000000000e+00
4.259654004576455135e+23 0.000000000000000000e+00
4.253098136771467967e+23 0.000000000000000000e+00
4.078570564234952248e+23 0.000000000000000000e+00
4.111993879212677724e+23 0.000000000000000000e+00
3.920124182668554818e+23 0.000000000000000000e+00
3.860458203038428703e+23 0.000000000000000000e+00
3.822388877943858518e+23 0.000000000000000000e+00
3.730547077893738107e+23 0.000000000000000000e+00
3.673436861961568896e+23 0.000000000000000000e+00
3.636032971744582209e+23 0.000000000000000000e+00
3.598232960431526374e+23 0.000000000000000000e+00
3.559822421987170451e+23 0.000000000000000000e+00
3.595466636678636608e+23 0.000000000000000000e+00
4.895938853392928117e+23 0.000000000000000000e+00
3.247957972153212726e+23 0.000000000000000000e+00
3.206108209617694748e+23 0.000000000000000000e+00
3.154319348558239000e+23 0.000000000000000000e+00
3.070404944675809337e+23 0.000000000000000000e+00
3.011933326103976325e+23 0.000000000000000000e+00
2.980366304239950307e+23 0.000000000000000000e+00
2.959511713376909740e+23 0.000000000000000000e+00
2.903291332375746078e+23 0.000000000000000000e+00
2.885981713101272709e+23 0.000000000000000000e+00
2.846610817151808160e+23 0.000000000000000000e+00
2.843875361258429229e+23 0.000000000000000000e+00
2.857004157324390040e+23 0.000000000000000000e+00
2.760014009842668499e+23 0.000000000000000000e+00
2.731412723119733447e+23 0.000000000000000000e+00
2.751129579117573057e+23 0.000000000000000000e+00
2.842926262035083858e+23 0.000000000000000000e+00
3.400266984948832131e+23 0.000000000000000000e+00
2.646716458589300374e+23 0.000000000000000000e+00
2.083777076644473041e+23 0.000000000000000000e+00
2.064633007372649051e+23 0.000000000000000000e+00
2.022607220724707004e+23 0.000000000000000000e+00
1.995632762366402274e+23 0.000000000000000000e+00
1.965181566407877497e+23 0.000000000000000000e+00
1.948432091679373887e+23 0.000000000000000000e+00
1.903734021897403278e+23 0.000000000000000000e+00
1.877443742487353890e+23 0.000000000000000000e+00
1.858422559093473495e+23 0.000000000000000000e+00
1.833876700900632151e+23 0.000000000000000000e+00
1.812997905856911093e+23 0.000000000000000000e+00
1.805532547015108251e+23 0.000000000000000000e+00
1.918207399178563098e+23 0.000000000000000000e+00
1.740146638880323655e+23 0.000000000000000000e+00
1.711592815102951665e+23 0.000000000000000000e+00
1.952231476419488981e+23 0.000000000000000000e+00
1.693202205087077509e+23 0.000000000000000000e+00
2.452583287945722006e+23 0.000000000000000000e+00
1.477867622620040150e+23 0.000000000000000000e+00
1.443956105100635165e+23 0.000000000000000000e+00
1.428716206175596115e+23 0.000000000000000000e+00
1.406421003986894355e+23 0.000000000000000000e+00
1.480063560526977743e+23 0.000000000000000000e+00
1.349475290217722151e+23 0.000000000000000000e+00
1.328186136562352112e+23 0.000000000000000000e+00
1.307853346684148908e+23 0.000000000000000000e+00
1.278740482463888017e+23 0.000000000000000000e+00
1.266029463019859214e+23 0.000000000000000000e+00
1.243779225550355756e+23 0.000000000000000000e+00
1.264124235506635673e+23 0.000000000000000000e+00
1.201892942745710216e+23 0.000000000000000000e+00
1.186887876446690088e+23 0.000000000000000000e+00
1.177417598562203683e+23 0.000000000000000000e+00
1.158239177666967529e+23 0.000000000000000000e+00
1.152683158937392613e+23 0.000000000000000000e+00
1.137264720660876986e+23 0.000000000000000000e+00
1.115658633980507534e+23 0.000000000000000000e+00
1.062560168396211995e+23 0.000000000000000000e+00
1.051850568625885429e+23 0.000000000000000000e+00
1.045403322880194102e+23 0.000000000000000000e+00
1.010331564393131630e+23 0.000000000000000000e+00
1.006954939136983863e+23 0.000000000000000000e+00
1.048878496427947411e+23 0.000000000000000000e+00
9.468331937275221062e+22 0.000000000000000000e+00
9.322730378725304775e+22 0.000000000000000000e+00
9.209968767775919623e+22 0.000000000000000000e+00
9.112892260490708989e+22 0.000000000000000000e+00
9.017108210840286685e+22 0.000000000000000000e+00
8.962597795741321658e+22 0.000000000000000000e+00
9.151012455936792986e+22 0.000000000000000000e+00
8.588394427115312985e+22 0.000000000000000000e+00
8.327052885173755236e+22 0.000000000000000000e+00
8.276859906163119174e+22 0.000000000000000000e+00
8.134250145673234717e+22 0.000000000000000000e+00
8.068585606428783700e+22 0.000000000000000000e+00
7.922686158187078982e+22 0.000000000000000000e+00
8.157179324130425569e+22 0.000000000000000000e+00
7.879673148348405750e+22 0.000000000000000000e+00
7.264794244530361598e+22 0.000000000000000000e+00
7.218559673511596733e+22 0.000000000000000000e+00
6.975444668493656280e+22 0.000000000000000000e+00
6.969306928419423912e+22 0.000000000000000000e+00
6.467510296469458806e+22 0.000000000000000000e+00
6.371263064749604078e+22 0.000000000000000000e+00
6.335938829133883952e+22 0.000000000000000000e+00
6.299561511478800417e+22 0.000000000000000000e+00
6.215686547900446697e+22 0.000000000000000000e+00
7.465777944364558634e+22 0.000000000000000000e+00
5.784370696647804663e+22 0.000000000000000000e+00
5.674415418448447275e+22 0.000000000000000000e+00
5.706386134000098030e+22 0.000000000000000000e+00
5.362254609876035777e+22 0.000000000000000000e+00
5.319982223279692081e+22 0.000000000000000000e+00
5.219504856366060457e+22 0.000000000000000000e+00
5.196157979227268212e+22 0.000000000000000000e+00
5.328839058921366959e+22 0.000000000000000000e+00
4.914403801376794817e+22 0.000000000000000000e+00
4.868901263551195880e+22 0.000000000000000000e+00
4.684837438167050722e+22 0.000000000000000000e+00
4.619393111069597001e+22 0.000000000000000000e+00
4.589800950027278457e+22 0.000000000000000000e+00
4.493606650475574198e+22 0.000000000000000000e+00
4.458690963195633336e+22 0.000000000000000000e+00
4.191375611708223521e+22 0.000000000000000000e+00
4.093719483531481055e+22 0.000000000000000000e+00
4.036216487809831980e+22 0.000000000000000000e+00
3.988508342914014773e+22 0.000000000000000000e+00
3.976059125463041599e+22 0.000000000000000000e+00
3.768014086048543513e+22 0.000000000000000000e+00
3.709950066520247553e+22 0.000000000000000000e+00
3.676835171838797126e+22 0.000000000000000000e+00
3.685416641680086820e+22 0.000000000000000000e+00
4.035296808840386419e+22 0.000000000000000000e+00
3.497470302319241121e+22 0.000000000000000000e+00
3.421240066254651261e+22 0.000000000000000000e+00
3.328220515875910006e+22 0.000000000000000000e+00
3.295272768881901437e+22 0.000000000000000000e+00
3.215264341056859983e+22 0.000000000000000000e+00
3.203920324496262693e+22 0.000000000000000000e+00
3.099299200487915520e+22 0.000000000000000000e+00
3.026980726371340675e+22 0.000000000000000000e+00
2.986542513365352605e+22 0.000000000000000000e+00
2.920922708578953436e+22 0.000000000000000000e+00
2.921517645403356188e+22 0.000000000000000000e+00
2.993713747105102273e+22 0.000000000000000000e+00
2.761083607643533292e+22 0.000000000000000000e+00
2.688065856935448438e+22 0.000000000000000000e+00
2.678957758656718832e+22 0.000000000000000000e+00
2.617334554553131362e+22 0.000000000000000000e+00
2.486367161616451188e+22 0.000000000000000000e+00
2.479440049762529077e+22 0.000000000000000000e+00
2.499707517468808734e+22 0.000000000000000000e+00
2.361375834991050621e+22 0.000000000000000000e+00
2.357812266890103357e+22 0.000000000000000000e+00
2.279523823626804108e+22 0.000000000000000000e+00
2.307012411051356665e+22 0.000000000000000000e+00
2.201052939321593561e+22 0.000000000000000000e+00
2.197712626474349599e+22 0.000000000000000000e+00
2.217474560810725409e+22 0.000000000000000000e+00
2.114992614368895985e+22 0.000000000000000000e+00
1.989600867942110174e+22 0.000000000000000000e+00
2.020990858136482375e+22 0.000000000000000000e+00
1.905503678374965412e+22 0.000000000000000000e+00
1.955540506667600419e+22 0.000000000000000000e+00
1.865031669573932915e+22 0.000000000000000000e+00
1.877967869514270061e+22 0.000000000000000000e+00
1.726337375791201701e+22 0.000000000000000000e+00
1.734818450795408654e+22 0.000000000000000000e+00
1.662210246866506665e+22 0.000000000000000000e+00
1.605222629984451323e+22 0.000000000000000000e+00
1.596866505942600201e+22 0.000000000000000000e+00
1.548462425160099561e+22 0.000000000000000000e+00
1.528995769363538221e+22 0.000000000000000000e+00
1.461950334886012466e+22 0.000000000000000000e+00
1.496951104611696404e+22 0.000000000000000000e+00
1.409584674734436726e+22 0.000000000000000000e+00
1.414195586066988768e+22 0.000000000000000000e+00
1.356211889998585764e+22 0.000000000000000000e+00
1.341355447813175194e+22 0.000000000000000000e+00
1.299496006631703760e+22 0.000000000000000000e+00
1.290659022330444906e+22 0.000000000000000000e+00
1.248809943216718610e+22 0.000000000000000000e+00
1.217642347962179361e+22 0.000000000000000000e+00
1.198141096367161659e+22 0.000000000000000000e+00
1.158635962434418691e+22 0.000000000000000000e+00
1.134135277069613715e+22 0.000000000000000000e+00
1.100714285422688076e+22 0.000000000000000000e+00
1.108416323321883263e+22 0.000000000000000000e+00
1.064620212195997778e+22 0.000000000000000000e+00
1.024130070474510251e+22 0.000000000000000000e+00
1.024917037650245845e+22 0.000000000000000000e+00
9.971065975204829200e+21 0.000000000000000000e+00
1.006063792549926011e+22 0.000000000000000000e+00
9.481792879528492663e+21 0.000000000000000000e+00
9.276272048088195006e+21 0.000000000000000000e+00
9.037668062685018718e+21 0.000000000000000000e+00
8.885043091365376819e+21 0.000000000000000000e+00
9.000016786386041438e+21 0.000000000000000000e+00
8.777208768604878668e+21 0.000000000000000000e+00
8.407274108552319336e+21 0.000000000000000000e+00
8.436886477940884242e+21 0.000000000000000000e+00
8.099304377461442085e+21 0.000000000000000000e+00
8.004802973011003048e+21 0.000000000000000000e+00
7.818841863969870709e+21 0.000000000000000000e+00
7.536230929785543459e+21 0.000000000000000000e+00
7.373690812133256724e+21 0.000000000000000000e+00
7.318270820860107424e+21 0.000000000000000000e+00
7.092572608397316194e+21 0.000000000000000000e+00
7.034996086846775099e+21 0.000000000000000000e+00
7.057291967043006890e+21 0.000000000000000000e+00
6.832737921805130400e+21 0.000000000000000000e+00
6.316444672219081081e+21 0.000000000000000000e+00
6.379751921820157084e+21 0.000000000000000000e+00
5.875177293008395567e+21 0.000000000000000000e+00
5.710546429690519749e+21 0.000000000000000000e+00
5.602274274688363397e+21 0.000000000000000000e+00
5.467398901292269044e+21 0.000000000000000000e+00
5.486263279193727959e+21 0.000000000000000000e+00
5.272794083553972322e+21 0.000000000000000000e+00
5.228346543744385810e+21 0.000000000000000000e+00
4.990716113088213418e+21 0.000000000000000000e+00
4.917899144061898457e+21 0.000000000000000000e+00
4.849422276669322822e+21 0.000000000000000000e+00
4.623165876962142978e+21 0.000000000000000000e+00
4.585742559565656883e+21 0.000000000000000000e+00
4.417765112522560504e+21 0.000000000000000000e+00
4.322925076759074308e+21 0.000000000000000000e+00
4.345466941410820751e+21 0.000000000000000000e+00
4.131452671683117711e+21 0.000000000000000000e+00
3.993010211378893423e+21 0.000000000000000000e+00
3.976411611081745629e+21 0.000000000000000000e+00
4.049440975743588237e+21 0.000000000000000000e+00
3.925705020024075321e+21 0.000000000000000000e+00
3.769139106066498847e+21 0.000000000000000000e+00
3.881843707856736485e+21 0.000000000000000000e+00
4.575950233641038643e+21 0.000000000000000000e+00
3.099267977170757616e+21 0.000000000000000000e+00
3.100380842628054254e+21 0.000000000000000000e+00
2.896518961086118494e+21 0.000000000000000000e+00
2.821552037728433996e+21 0.000000000000000000e+00
2.850875056404254163e+21 0.000000000000000000e+00
2.758855173216681329e+21 0.000000000000000000e+00
2.616277231970549236e+21 0.000000000000000000e+00
2.554511824806182126e+21 0.000000000000000000e+00
2.540864585782098657e+21 0.000000000000000000e+00
2.462549699117728137e+21 0.000000000000000000e+00
2.343882029098004382e+21 0.000000000000000000e+00
2.275648777301599453e+21 0.000000000000000000e+00
2.322544840620038947e+21 0.000000000000000000e+00
2.153563586870787178e+21 0.000000000000000000e+00
2.180040186346250437e+21 0.000000000000000000e+00
2.117511819148456100e+21 0.000000000000000000e+00
2.009727578535824720e+21 0.000000000000000000e+00
1.941422277164893471e+21 0.000000000000000000e+00
1.890835954802344854e+21 0.000000000000000000e+00
1.829307166237679682e+21 0.000000000000000000e+00
1.773057787912948023e+21 0.000000000000000000e+00
1.679301695132026798e+21 0.000000000000000000e+00
1.692777096356351181e+21 0.000000000000000000e+00
1.571054117628779168e+21 0.000000000000000000e+00
1.505173745254249267e+21 0.000000000000000000e+00
1.487260833583907734e+21 0.000000000000000000e+00
1.522477470481490903e+21 0.000000000000000000e+00
1.402480912866961523e+21 0.000000000000000000e+00
1.358946045463938728e+21 0.000000000000000000e+00
1.319973520128590479e+21 0.000000000000000000e+00
1.283938319678677975e+21 0.000000000000000000e+00
1.284835372080071442e+21 0.000000000000000000e+00
1.219801338825223963e+21 0.000000000000000000e+00
1.166634441532518826e+21 0.000000000000000000e+00
1.182557291982904885e+21 0.000000000000000000e+00
1.207952404039663092e+21 0.000000000000000000e+00
1.127877567063592927e+21 0.000000000000000000e+00
1.046049282265077645e+21 0.000000000000000000e+00
1.022622308293377393e+21 0.000000000000000000e+00
9.561327996557316588e+20 0.000000000000000000e+00
9.461164684737300398e+20 0.000000000000000000e+00
9.444510827650082406e+20 0.000000000000000000e+00
8.920038787826502861e+20 0.000000000000000000e+00
8.532622768856129864e+20 0.000000000000000000e+00
8.312159347292180316e+20 0.000000000000000000e+00
8.144333686448390144e+20 0.000000000000000000e+00
8.172489764136241070e+20 0.000000000000000000e+00
7.727672388752898785e+20 0.000000000000000000e+00
7.646547588531296666e+20 0.000000000000000000e+00
7.022242053096135721e+20 0.000000000000000000e+00
6.992305926783677235e+20 0.000000000000000000e+00
6.786068402796574802e+20 0.000000000000000000e+00
6.625758996035511255e+20 0.000000000000000000e+00
6.615351973400749015e+20 0.000000000000000000e+00
6.195298115705841910e+20 0.000000000000000000e+00
5.851637044036716462e+20 0.000000000000000000e+00
5.760905569926108938e+20 0.000000000000000000e+00
5.634857309021590651e+20 0.000000000000000000e+00
5.570297658185439642e+20 0.000000000000000000e+00
5.248816356144714220e+20 0.000000000000000000e+00
5.090538388860281815e+20 0.000000000000000000e+00
4.901245785420108923e+20 0.000000000000000000e+00
4.703820687391549030e+20 0.000000000000000000e+00
4.645108762140698214e+20 0.000000000000000000e+00
4.371058503743481446e+20 0.000000000000000000e+00
4.278757336351515607e+20 0.000000000000000000e+00
4.117305375377706844e+20 0.000000000000000000e+00
4.002903063725153321e+20 0.000000000000000000e+00
4.004296109475028009e+20 0.000000000000000000e+00
3.796189306448448061e+20 0.000000000000000000e+00
3.599126415264689029e+20 0.000000000000000000e+00
3.553532013329098342e+20 0.000000000000000000e+00
3.372200935786269245e+20 0.000000000000000000e+00
3.336700714482044109e+20 0.000000000000000000e+00
3.192169236587385324e+20 0.000000000000000000e+00
3.147377066019774136e+20 0.000000000000000000e+00
2.988747557682587238e+20 0.000000000000000000e+00
2.820753937449581609e+20 0.000000000000000000e+00
2.763154133168457974e+20 0.000000000000000000e+00
2.711124567457233306e+20 0.000000000000000000e+00
2.572698912571834368e+20 0.000000000000000000e+00
2.509855407014921830e+20 0.000000000000000000e+00
2.402661835581711319e+20 0.000000000000000000e+00
2.343251715867778744e+20 0.000000000000000000e+00
2.265347820393559818e+20 0.000000000000000000e+00
2.169533212016919511e+20 0.000000000000000000e+00
2.141782061789896704e+20 0.000000000000000000e+00
2.035311621719410934e+20 0.000000000000000000e+00
1.980435366985586442e+20 0.000000000000000000e+00
1.866688196147721011e+20 0.000000000000000000e+00
1.836608885235583222e+20 0.000000000000000000e+00
1.749138489666676982e+20 0.000000000000000000e+00
1.736333637407197430e+20 0.000000000000000000e+00
1.660175720991951749e+20 0.000000000000000000e+00
1.674054745817801359e+20 0.000000000000000000e+00
1.494196476271024538e+20 0.000000000000000000e+00
1.494750900443406664e+20 0.000000000000000000e+00
1.412768190566306120e+20 0.000000000000000000e+00
1.390903866577527276e+20 0.000000000000000000e+00
1.328999067976030290e+20 0.000000000000000000e+00
1.278463644468439286e+20 0.000000000000000000e+00
1.216724933396744110e+20 0.000000000000000000e+00
1.172822851876455875e+20 0.000000000000000000e+00
1.156067780579237724e+20 0.000000000000000000e+00
1.080953736246911304e+20 0.000000000000000000e+00
1.042754850396995748e+20 0.000000000000000000e+00
1.000532417983150162e+20 0.000000000000000000e+00
9.803248995879029965e+19 0.000000000000000000e+00
9.444511477682456166e+19 0.000000000000000000e+00
9.296294510919270400e+19 0.000000000000000000e+00
8.761987553538627994e+19 0.000000000000000000e+00
8.513849831244108595e+19 0.000000000000000000e+00
8.224590382040478515e+19 0.000000000000000000e+00
7.577789585521491968e+19 0.000000000000000000e+00
7.551604980078870528e+19 0.000000000000000000e+00
6.911852563774485299e+19 0.000000000000000000e+00
6.803460142618008781e+19 0.000000000000000000e+00
6.388047891760540877e+19 0.000000000000000000e+00
6.268261906302522982e+19 0.000000000000000000e+00
5.992204488800663142e+19 0.000000000000000000e+00
5.882103749898755277e+19 0.000000000000000000e+00
5.554703733594035814e+19 0.000000000000000000e+00
5.533060996166845235e+19 0.000000000000000000e+00
5.117940182418667110e+19 4.040385925041166406e+13
5.033468905099006771e+19 4.331335087641278125e+14
4.641071915740475392e+19 3.867989962838616000e+15
4.496300062291067699e+19 1.976722070985411600e+16
4.413177192062716314e+19 9.513914762689920000e+16
4.238892522764908954e+19 1.065253951452815840e+17
3.972050492675158835e+19 7.874327251420913600e+16
3.910909139287526605e+19 1.009261889975831840e+17
3.543347739092779827e+19 1.399387920482465280e+17
3.471310305138434048e+19 1.606848905706915840e+17
3.371933959997339238e+19 3.254003919059541120e+17
3.201721486403173581e+19 5.408660602838463360e+17
3.070516669682766643e+19 5.297529882253025280e+17
2.922110859561086157e+19 4.773602289412720000e+17
2.921162474228543898e+19 6.183929531354026240e+17
2.776839553852240691e+19 6.438507866200501760e+17
2.580200173752569446e+19 5.978325464356680960e+17
2.463883904757973402e+19 6.461381362482167040e+17
2.359433515229187277e+19 6.706186101734735360e+17
2.328581388473929318e+19 9.506564727034302720e+17
2.194084441181218406e+19 6.720000183726887680e+17
2.112644750957212877e+19 8.129495099991536640e+17
2.073135568539646771e+19 8.580758661984303360e+17
1.960396415479536845e+19 8.809556579172779520e+17
1.782849280112043827e+19 7.969131112144225280e+17
1.727349129900054528e+19 8.083893649214042880e+17
1.662945482305939866e+19 8.394531511980317440e+17
1.627636368293971558e+19 9.466005712995539200e+17
1.516824087010746778e+19 8.511590592177299200e+17
1.517238574986417562e+19 8.675463160518561280e+17
1.441824530853667226e+19 8.855515208431283200e+17
1.346013462840252006e+19 9.221451678896262400e+17
1.273377232542980301e+19 9.809521536774275840e+17
1.240851579375294054e+19 9.542683636867902720e+17
1.203250410649773670e+19 9.319659082031146240e+17
1.174133022657915290e+19 8.540644826756824320e+17
1.100547220328441242e+19 8.726290156852519680e+17
1.052159611057736499e+19 9.144987482050718720e+17
1.056557177372023398e+19 8.930842588673957120e+17
9.355537747002585088e+18 8.323073972041281280e+17
8.725684660915284992e+18 9.245239309525816320e+17
8.574127291063967744e+18 1.068409214105973120e+18
8.296266037129179136e+18 1.046232678181688832e+18
7.908100392948403200e+18 9.936400149975284480e+17
7.693608056988491776e+18 9.310549214370735360e+17
7.131635919812951040e+18 9.642963542448679680e+17
6.818034143579132928e+18 8.619667637067290880e+17
6.847207428073897984e+18 9.422763835300614400e+17
6.515352292415582208e+18 8.971722914122344960e+17
5.815942547102637056e+18 8.871653374926764800e+17
5.597812282013704192e+18 8.399875169429376000e+17
5.439071448518020096e+18 8.710186067027404800e+17
5.607572087388041216e+18 8.932665276740753920e+17
4.943442670970703872e+18 8.668757392958731520e+17
4.772965928136863744e+18 8.084751657523961600e+17
4.474316812625717248e+18 7.907990648840066560e+17
4.272432644799164928e+18 8.232945027325072640e+17
4.158627959654551040e+18 8.081302530790071040e+17
3.875226117628203520e+18 7.927773854448084480e+17
3.727428073667288064e+18 8.036083402658625280e+17
3.490031004358054400e+18 8.491271309647791360e+17
3.380202582639336448e+18 8.419224891744188160e+17
3.232737974377748992e+18 8.307090376141020160e+17
3.136329026597797376e+18 7.594972959744840960e+17
2.956639694384508928e+18 7.454435597676972800e+17
2.792762023923365888e+18 7.217603470058087680e+17
2.623309485924445696e+18 6.982455038138179840e+17
2.610791779133082112e+18 7.103133695703393280e+17
2.742650752414807552e+18 8.819483684269699840e+17
2.425844322976260608e+18 7.137025605574220800e+17
2.240402487823332864e+18 6.710943486932700160e+17
2.174045784221484800e+18 6.908955725850524160e+17
2.078252511783984640e+18 7.773216153001762560e+17
2.010385494340504320e+18 7.273661975579726080e+17
1.769575554828405504e+18 7.085086279809616640e+17
1.680208435062482176e+18 6.927587451517096960e+17
1.650831493823219968e+18 7.204663691412421120e+17
1.625915820755236096e+18 6.859350834997030400e+17
1.511760640638649856e+18 6.491124234149076480e+17
1.446842892418872064e+18 6.388675722778612480e+17
1.319199452002833408e+18 6.247768467499765760e+17
1.308989110516328192e+18 6.650047595178554880e+17
1.268874808959706368e+18 6.578413744153576960e+17
1.210800044698404096e+18 6.424637443109667840e+17
1.178361295527123456e+18 6.740202686050791680e+17
1.101724989433153792e+18 6.326282587590201600e+17
1.014075671844190976e+18 6.065520834257249280e+17
1.005467999736764544e+18 6.132491226142885120e+17
1.014239866100490240e+18 6.570240301300273920e+17
9.096260466134630400e+17 5.989135590850307840e+17
8.756484694953116160e+17 5.909187162713747200e+17
8.766555774584387840e+17 5.938223091215573760e+17
8.439129121053848320e+17 5.907233648477184000e+17
7.812300716136528640e+17 5.553705909328938880e+17
7.424496677200510720e+17 5.432010238700831360e+17
7.023374323680145920e+17 5.075712447615518080e+17
6.609010326730202880e+17 4.866020460932808960e+17
6.447862085682841600e+17 4.801684072540635520e+17
6.407390561350128640e+17 4.929332052639945600e+17
5.953106575842536960e+17 4.565323540605337600e+17
5.706716739847964160e+17 4.419349734370958080e+17
5.302007620767639680e+17 4.137472180045174400e+17
5.518163533830964480e+17 4.423248026543128320e+17
4.989490437362322560e+17 3.945626142215411200e+17
4.597859966921512320e+17 3.685045685124938240e+17
4.286443007968993280e+17 3.440859065300362880e+17
4.047219675110917120e+17 3.249941795495323520e+17
3.939923501917191680e+17 3.170907667643853440e+17
4.042178834488460160e+17 3.330542463416709120e+17
3.846176395822704000e+17 3.171088862747023360e+17
3.768985804484244480e+17 3.109506095808871040e+17
4.027742117892109440e+17 3.441016809037103360e+17
3.677450732825908480e+17 3.154564644928645120e+17
3.330077686882940160e+17 2.832049174931960640e+17
3.192933491620063360e+17 2.756088756808599680e+17
2.901941456198375040e+17 2.480053221316170560e+17
2.758977368563760000e+17 2.388121051672889600e+17
2.657357060343137600e+17 2.311256863332007360e+17
2.748119849472932480e+17 2.418015932379271040e+17
2.578927053071940160e+17 2.291208042318915200e+17
2.558424561790123840e+17 2.269806422842056000e+17
2.366295091460242880e+17 2.100326901803372160e+17
2.368324521598048320e+17 2.133766407935309440e+17
2.232012047141739200e+17 2.019025377978481600e+17
2.084094496452765120e+17 1.870238597910705600e+17
1.929415164185036800e+17 1.756464514403319040e+17
1.939804468228574720e+17 1.760830551545042560e+17
1.892641025540797760e+17 1.723613656049885760e+17
1.733063457558814720e+17 1.583330652089801920e+17
1.732546154977305280e+17 1.594880529110486080e+17
1.583831383997553920e+17 1.457902497400161920e+17
1.519144944091336640e+17 1.396651680346193600e+17
1.513863246568442560e+17 1.404806730658542400e+17
1.504254118147977920e+17 1.388214668478580960e+17
1.360430575618043360e+17 1.260586632800354720e+17
1.316028700638336160e+17 1.218303036616853920e+17
1.293747764538582240e+17 1.196987181712768800e+17
1.276307715083030720e+17 1.167075806055021920e+17
1.242011621622593760e+17 1.161314276661942080e+17
1.089530790091809440e+17 1.016562281474861760e+17
1.125238981730977280e+17 1.053440474094210720e+17
1.165805901537694240e+17 1.097558618357583680e+17
1.041288420950348160e+17 9.759993993300851200e+16
1.001218930510337120e+17 9.435376031431267200e+16
8.266219666378502400e+16 7.691314521098646400e+16
7.876412853780636800e+16 7.360082528250025600e+16
8.090691666877411200e+16 7.547451183039510400e+16
7.417784485608430400e+16 6.987777932880960800e+16
7.351754638042675200e+16 6.938200231399669600e+16
7.580759742666264000e+16 7.177683724866305600e+16
7.316076924865091200e+16 6.828028694143908000e+16
7.350806046101126400e+16 6.738118082554086400e+16
7.266611202932504000e+16 6.729490844252879200e+16
8.406984987182708800e+16 8.207900166715555200e+16
6.798724410424877600e+16 6.603932922179286400e+16
6.211722237798376000e+16 6.026930531467269600e+16
5.628235871886656000e+16 5.408986551502867200e+16
5.390591815072864000e+16 5.226029321423799200e+16
5.169115528914710400e+16 5.015289657170072000e+16
4.926949016727651200e+16 4.791779285063476800e+16
4.790473207416704800e+16 4.663357964598755200e+16
5.136290906482370400e+16 5.014162888780201600e+16
5.943202840480880800e+16 5.824091508188308000e+16
3.763914520833234400e+16 3.640307159544226400e+16
3.702580160818454400e+16 3.579018150032822400e+16
3.726589527547822400e+16 3.593711930045884800e+16
3.376084141807572800e+16 3.273350247562118400e+16
3.225558085501180000e+16 3.120930748421785200e+16
3.449737607618762000e+16 3.352799308255619200e+16
3.455025067471952000e+16 3.356203269536433200e+16
2.943930003769074000e+16 2.858558021637491200e+16
2.924391689241119200e+16 2.835272471532310000e+16
2.796526470078544800e+16 2.691191164460285200e+16
2.816173798664364800e+16 2.737640736646468800e+16
2.561605004174930000e+16 2.499161035318221200e+16
2.247519375999556800e+16 2.187103167464580400e+16
2.612913342555297600e+16 2.552220491577550800e+16
1.969288424842231600e+16 1.908133069902206000e+16
2.068008406034071600e+16 2.018126220518843600e+16
2.055982488637780400e+16 2.015792044108756800e+16
2.034043012725607200e+16 1.993572481007566800e+16
1.824398228727469600e+16 1.787404306373793600e+16
1.815260198998621600e+16 1.776586073233534200e+16
3.669800479439447200e+16 3.629921446170353600e+16
1.884172785830459600e+16 1.849983324409487600e+16
1.792993439407225600e+16 1.754700035010466400e+16
1.765896908715824200e+16 1.726697921153938200e+16
1.867887027104947200e+16 1.839483313602927600e+16
1.448621341422387800e+16 1.424600498194711800e+16
1.404035132307920200e+16 1.383087033329425000e+16
1.288671179706784400e+16 1.267021203687261400e+16
1.345697431665445800e+16 1.326985447440267400e+16
1.335362966640923800e+16 1.315897064610404400e+16
1.223071942455858800e+16 1.207398468719797200e+16
1.189549986987483200e+16 1.175209958622019200e+16
1.238661575451321400e+16 1.223188392603973400e+16
1.130829511953012400e+16 1.114230574695875600e+16
1.206507960062131200e+16 1.193065818191887600e+16
9.179709030980622000e+15 9.057647122283748000e+15
8.041200779846433000e+15 7.929706387881628000e+15
8.287989570064323000e+15 8.178351356434626000e+15
8.156305416939190000e+15 8.042163813817720000e+15
7.160545391391673000e+15 7.054768252546821000e+15
9.646938878206184000e+15 9.526866575973822000e+15
6.913680700685222000e+15 6.830697476192835000e+15
9.515426234899880000e+15 9.430612887085242000e+15
7.549469522635200000e+15 7.471762828888387000e+15
7.275138047745479000e+15 7.196958289410123000e+15
5.700102448986530000e+15 5.618155034392993000e+15
5.579810981256810000e+15 5.508403087530241000e+15
5.534200314158867000e+15 5.472244230200948000e+15
5.815596004791504000e+15 5.757145988697246000e+15
5.463515147259075000e+15 5.408697930988391000e+15
5.801769031346436000e+15 5.753293169604915000e+15
5.731930152533415000e+15 5.695186148086476000e+15
5.676772604079614000e+15 5.639399459671218000e+15
4.973853294528597000e+15 4.930078186215772000e+15
4.831670525547966000e+15 4.801994947857972000e+15
4.765578000279736000e+15 4.740373032597371000e+15
5.171524946556173000e+15 5.146266682519415000e+15
4.252554991854031500e+15 4.228721870195270000e+15
4.214648224623836500e+15 4.191601575288628000e+15
4.121364445742753500e+15 4.101623148067348500e+15
4.381706023654874000e+15 4.361484963082464500e+15
4.397985868967420500e+15 4.378523711740547000e+15
3.984535353528072000e+15 3.966192791841868500e+15
3.488824841533597000e+15 3.471779877654383500e+15
3.553403736117784000e+15 3.541083005188308500e+15
3.316730290651453000e+15 3.303843813010560500e+15
3.548654765657497000e+15 3.535927160796476000e+15
3.145546867652473500e+15 3.134099784597417000e+15
3.182834243856736500e+15 3.172209029555705500e+15
3.741243406438255000e+15 3.730241025784415000e+15
3.029893068232857000e+15 3.019764366508175500e+15
2.249905199383391000e+15 2.238522769835827250e+15
2.479695878230604000e+15 2.471161373499846500e+15
2.149708505945500500e+15 2.141195433092513500e+15
2.778253461930217500e+15 2.769408895800225500e+15
1.737043115006420500e+15 1.726841565537931000e+15
1.571695664706881750e+15 1.564385567514279750e+15
1.478406978915716750e+15 1.471853998772661500e+15
1.416054255879392500e+15 1.411175834662163750e+15
1.541240170283203250e+15 1.535393452376681250e+15
1.459217885267479250e+15 1.455010940921086750e+15
1.316392294359868250e+15 1.312670262934888750e+15
1.377252329194787750e+15 1.373363408675461000e+15
1.405185396166682750e+15 1.401390299319891000e+15
1.114374238878840375e+15 1.110955090047571500e+15
1.105818722593308500e+15 1.102548413881492500e+15
1.382167976991596250e+15 1.378857464534014250e+15
1.233146885139833750e+15 1.229876876248041750e+15
1.247105326351377250e+15 1.243846630949517500e+15
1.218608335371478250e+15 1.215291281583661250e+15
1.314263061228120750e+15 1.310678659307059000e+15
8.781106001113640000e+14 8.754785226516768750e+14
7.999501439690826250e+14 7.974228320666407500e+14
9.363731491844821250e+14 9.337799949318385000e+14
7.744765808885117500e+14 7.710605644428492500e+14
7.548082595717996250e+14 7.528988455000650000e+14
6.405182921422447500e+14 6.385981687346631250e+14
6.408161179407442500e+14 6.389168946738718750e+14
6.975885891457600000e+14 6.956230547795433750e+14
6.508257443900722500e+14 6.488828158196510000e+14
6.301537013493491250e+14 6.277674993421933750e+14
5.637156660602162500e+14 5.617243783001900000e+14
4.839263815824513125e+14 4.819008717010738125e+14
5.100473620092598750e+14 5.078455597619738125e+14
5.951456708834513750e+14 5.932311803143067500e+14
4.038184639368905625e+14 4.004577092606210000e+14
3.295777205300179375e+14 3.287349592298660000e+14
2.794117378837689062e+14 2.785005323520185312e+14
3.036343374815050000e+14 3.027697473771198125e+14
2.981598350630179375e+14 2.970900094748406875e+14
3.009937047785401875e+14 3.002791651998694375e+14
3.125372204232236250e+14 3.118437299726726250e+14
2.835331883731327500e+14 2.827638605811635000e+14
2.884796351481078750e+14 2.876388628855975000e+14
2.837237758200676875e+14 2.829982716133818750e+14
2.618499463603986250e+14 2.611811235135061562e+14
2.560324931516357812e+14 2.541798659229146562e+14
2.588626029013770312e+14 2.584042355658872500e+14
2.592047246685171562e+14 2.588476180486139688e+14
2.327186623860243750e+14 2.323904522409337500e+14
2.194101014632833750e+14 2.191681220559550625e+14
2.386946531754333438e+14 2.384445139440755000e+14
2.871122051884659375e+14 2.868535357756812500e+14
2.758517857493985000e+14 2.755361421027209375e+14
1.991662606111382188e+14 1.989343811898966562e+14
2.127896349327857188e+14 2.125704547201353750e+14
1.463964738822471875e+14 1.461932593807824688e+14
1.215323702034070781e+14 1.213135162036458906e+14
1.243969594629220469e+14 1.241655296791311719e+14
1.241658742912629688e+14 1.239463554884965156e+14
1.110558767508770781e+14 1.109070267295804688e+14
1.206899892066067812e+14 1.205307263853019219e+14
1.100477389148711562e+14 1.099261454297710312e+14
1.210859801195412656e+14 1.209537975068145938e+14
1.056037172075914375e+14 1.054932707384327656e+14
1.104313071885656094e+14 1.103147580145157969e+14
1.032864107485602812e+14 1.031845831272891875e+14
9.138820587737717188e+13 9.128852444444792188e+13
8.792512295428109375e+13 8.782044167925857812e+13
7.975486268375215625e+13 7.964732425451723438e+13
1.083858927528912188e+14 1.082463785278762188e+14
9.020076840825482812e+13 9.010260307700865625e+13
9.202727880146365625e+13 9.192005332904835938e+13
9.532072108905800000e+13 9.520393190409854688e+13
1.076348106774763906e+14 1.074775171542864375e+14
8.290792762742065625e+13 8.282468322342220312e+13
6.323184113330871094e+13 6.318345926199342188e+13
5.341400532056645312e+13 5.336827597927828125e+13
4.882842913085777344e+13 4.877788857890816406e+13
5.284063641423373438e+13 5.279771102422354688e+13
4.783368201908703125e+13 4.778658302265421094e+13
5.119342175064695312e+13 5.115527919293391406e+13
4.951320724597164844e+13 4.947513987878987500e+13
5.247067560895635938e+13 5.243113155833578906e+13
3.636785505231398438e+13 3.632511101915051562e+13
3.938532221871118750e+13 3.907664364825599219e+13
3.353154418232829688e+13 3.348335434565626953e+13
3.668250875451348438e+13 3.662943445987492188e+13
3.847485722575178125e+13 3.845387865295156250e+13
3.589757582647137500e+13 3.586915436153211719e+13
4.144023478578149219e+13 4.141730368339978906e+13
3.600077378359624219e+13 3.597976425631204688e+13
3.634696409912819531e+13 3.633025852727507031e+13
3.541382483392057812e+13 3.539723742462807812e+13
4.834696016926612500e+13 4.832885028280649219e+13
2.643706515745759766e+13 2.641554460136612891e+13
2.482096056350735938e+13 2.480261501793469141e+13
2.797875059603812500e+13 2.795615474862106250e+13
4.264929907507563281e+13 4.261209492544878906e+13
3.297367010698859375e+13 3.297301455867924219e+13
3.031565389500289062e+13 3.031516908219094922e+13
2.912502610110276172e+13 2.912483786747286328e+13
2.820262903946288281e+13 2.820233501171873828e+13
2.905140489987845703e+13 2.905117893278759375e+13
2.626130668394596484e+13 2.626118374003312891e+13
2.850316283355816797e+13 2.850296390242083203e+13
2.327217417531164844e+13 2.327216338528409766e+13
2.654598380691298828e+13 2.654596953597554297e+13
2.144372171033242969e+13 2.144368457354321484e+13
2.136534968883967188e+13 2.136534968883967188e+13
3.489670830449322656e+13 3.489670830449322656e+13
1.982507345924851953e+13 1.982507345924851953e+13
1.806969081345048828e+13 1.806969081345048828e+13
1.779827038238352734e+13 1.779827038238352734e+13
3.238210305013843750e+13 3.238210305013843750e+13
9.612440324111171875e+12 9.612440324111171875e+12
9.197239114960863281e+12 9.197239114960863281e+12
2.475090807887156250e+13 2.475090807887156250e+13
1.996953196073236719e+13 1.996953196073236719e+13
1.756410462354120312e+13 1.756410462354120312e+13
1.453540096119402148e+13 1.453540096119402148e+13
1.280476028571649609e+13 1.280476028571649609e+13
1.190336559528728711e+13 1.190336559528728711e+13
1.139495167112357617e+13 1.139495167112357617e+13
1.174527965883637109e+13 1.174527965883637109e+13
1.013743690596713867e+13 1.013743690596713867e+13
9.889145504119025391e+12 9.889145504119025391e+12
2.515173042464300000e+13 2.515173042464300000e+13
1.625714985586566211e+13 1.625714985586566211e+13
1.403058879631931055e+13 1.403058879631931055e+13
1.350572611412514258e+13 1.350572611412514258e+13
1.226908603378251758e+13 1.226908603378251758e+13
1.187607617997547656e+13 1.187607617997547656e+13
1.183860864083447266e+13 1.183860864083447266e+13
1.316474310696444727e+13 1.316474310696444727e+13
1.204352690414203711e+13 1.204352690414203711e+13
1.374239293402740430e+13 1.374239293402740430e+13
6.395912265147579102e+12 6.395912265147579102e+12
5.495423828578409180e+12 5.495423828578409180e+12
5.658648632698616211e+12 5.658648632698616211e+12
5.162600566267914062e+12 5.162600566267914062e+12
5.115370313383203125e+12 5.115370313383203125e+12
5.369278833396749023e+12 5.369278833396749023e+12
4.942763165287890625e+12 4.942763165287890625e+12
5.024819577126309570e+12 5.024819577126309570e+12
5.201910236514270508e+12 5.201910236514270508e+12
5.590971982708012695e+12 5.590971982708012695e+12
7.336930955919065430e+12 7.336930955919065430e+12
5.031675808082529297e+12 5.031675808082529297e+12
3.834827680881924316e+12 3.834827680881924316e+12
4.045527466180968262e+12 4.045527466180968262e+12
5.486229003226543945e+12 5.486229003226543945e+12
3.244113914170928223e+12 3.244113914170928223e+12
3.508830745824870117e+12 3.508830745824870117e+12
1.390469236552594141e+13 1.390469236552594141e+13
4.303424357927160156e+12 4.303424357927160156e+12
3.984477132409353027e+12 3.984477132409353027e+12
3.734190728178242676e+12 3.734190728178242676e+12
4.143794221485982422e+12 4.143794221485982422e+12
3.846860953363503418e+12 3.846860953363503418e+12
3.837333872528258301e+12 3.837333872528258301e+12
3.952976993936329102e+12 3.952976993936329102e+12
4.214200631791354492e+12 4.214200631791354492e+12
4.741535689088831055e+12 4.741535689088831055e+12
6.061883850718304688e+12 6.061883850718304688e+12
1.794006518700416748e+12 1.794006518700416748e+12
1.193625758736742676e+12 1.193625758736742676e+12
1.377276738769951660e+12 1.377276738769951660e+12
2.101260326353006592e+12 2.101260326353006592e+12
2.875581574841643677e+11 2.875581574841643677e+11
2.908581888922130127e+11 2.908581888922130127e+11
3.231840019611553955e+11 3.231840019611553955e+11
2.552368480413536377e+11 2.552368480413536377e+11
2.565948884789070740e+11 2.565948884789070740e+11
2.606114317337277832e+11 2.606114317337277832e+11
2.684255740112592163e+11 2.684255740112592163e+11
2.823737064480158081e+11 2.823737064480158081e+11
3.081333104379810791e+11 3.081333104379810791e+11
3.653133358361389160e+11 3.653133358361389160e+11
8.047348350548270264e+11 8.047348350548270264e+11
9.942607117320872498e+10 9.942607117320872498e+10
7.938006151884317017e+10 7.938006151884317017e+10
7.902132233420217896e+10 7.902132233420217896e+10
8.420539967984011841e+10 8.420539967984011841e+10
6.989717593271539307e+10 6.989717593271539307e+10
6.867794556217280579e+10 6.867794556217280579e+10
6.763241158002516174e+10 6.763241158002516174e+10
6.676361781547365570e+10 6.676361781547365570e+10
6.607834532264207458e+10 6.607834532264207458e+10
6.558790366969699097e+10 6.558790366969699097e+10
6.530934614085987091e+10 6.530934614085987091e+10
6.526732707019396210e+10 6.526732707019396210e+10
6.549697582076934814e+10 6.549697582076934814e+10
6.604845326565563965e+10 6.604845326565563965e+10
6.699442952753613281e+10 6.699442952753613281e+10
6.844292049445588684e+10 6.844292049445588684e+10
7.056062301481045532e+10 7.056062301481045532e+10
7.361856746649928284e+10 7.361856746649928284e+10
7.809047252425840759e+10 7.809047252425840759e+10
8.489457755213340759e+10 8.489457755213340759e+10
9.611561296975903320e+10 9.611561296975903320e+10
1.179803259596795197e+11 1.179803259596795197e+11
1.861554164063560486e+11 1.861554164063560486e+11
8.316907629841294990e-19 8.314117039923681209e-19
7.554464361344302541e-19 7.551585062969476247e-19
1.121449788888467415e-18 1.121174822747586195e-18
8.375330251067242039e-19 8.372404552574584658e-19
1.177960494271321800e-18 1.177705703318840837e-18
8.873838148484130101e-19 8.871178970622611191e-19
8.303956347072252609e-19 8.301712645378350922e-19
8.400557333913000597e-19 8.398329212415684170e-19
7.719079832383446871e-19 7.716851141184123684e-19
6.955789997732021302e-19 6.953597669017729119e-19
6.254206305129077362e-19 6.252037775710758960e-19
6.056371290328712616e-19 6.054194340663893258e-19
6.035226559874626893e-19 6.032801804550700232e-19
5.539465925662572272e-19 5.537312267719229934e-19
8.573492432413608038e-19 8.571307089437275036e-19
6.199885409402411519e-19 6.197638731254186040e-19
6.087995041801587618e-19 6.085647417338893728e-19
5.968684668529491950e-19 5.966169147141000755e-19
6.353192574019052183e-19 6.351036016100948146e-19
6.315133876811476199e-19 6.312560819133237059e-19
4.141835899913678285e-19 4.138623516545678463e-19
4.061993997575074392e-19 4.060926511435765121e-19
4.007465612519228224e-19 4.006398515029267686e-19
3.987088754877825839e-19 3.985988395744271846e-19
3.969874489826145634e-19 3.968906254915523896e-19
4.069876108495498759e-19 4.068920078553934854e-19
4.554139074415808488e-19 4.553193318244806221e-19
3.549332506090615055e-19 3.548393183111624930e-19
3.018234770204861071e-19 3.017318761689720604e-19
3.007808790415212958e-19 3.006900584934077741e-19
3.043782913474381765e-19 3.042880601330292503e-19
3.315015086358739322e-19 3.314116226606761565e-19
4.347442097578939669e-19 4.346543265940153719e-19
2.546933947054167421e-19 2.546029612039115430e-19
2.560741382304039724e-19 2.559819030464870920e-19
2.689937861253847904e-19 2.688670506079544678e-19
2.366511569575693495e-19 2.365621386684909826e-19
2.400585289758897518e-19 2.399656618035652064e-19
2.541351932481682324e-19 2.540266435838789502e-19
2.214630765969634547e-19 2.213727305513236215e-19
2.378510523669761421e-19 2.377725482819639897e-19
2.624295275905199772e-19 2.623461933422605086e-19
1.830221069375859866e-19 1.829233956600245176e-19
1.883347787799563601e-19 1.882832543817952413e-19
2.252769614257499483e-19 2.252255920028551805e-19
4.158904136474567623e-19 4.158399284906185861e-19
3.133371695471769431e-19 3.132867970092318468e-19
2.537770567045259200e-19 2.537266183124657632e-19
2.455892368904166555e-19 2.455384108345984181e-19
2.732674122148570416e-19 2.732173004827851253e-19
1.688645020832435567e-19 1.688137785765062958e-19
1.624589869350046742e-19 1.624072029829303802e-19
1.584750392727433056e-19 1.584214104354872246e-19
1.566196860745598985e-19 1.565625262491206710e-19
1.606229662903938976e-19 1.605570659582446143e-19
1.958104379213217152e-19 1.957339816166693081e-19
1.093281188588519550e-19 1.092894091239160819e-19
1.054916058291253038e-19 1.054570750304930524e-19
1.019732497355026544e-19 1.019382923548832119e-19
9.872603879712482664e-20 9.869043880070875883e-20
9.571745084484298235e-20 9.568090779611833915e-20
9.292247548500699915e-20 9.288454032288390522e-20
9.032204678505406276e-20 9.028194019233630729e-20
8.790084118055726814e-20 8.785838917163940997e-20
8.565100157131059020e-20 8.560320848372293490e-20
8.356918219031645840e-20 8.350950352313636394e-20
8.171291537404391464e-20 8.157431142999399447e-20
7.980972349610745086e-20 7.979928079652979462e-20
7.820268848811011425e-20 7.819221065969622820e-20
7.678045637755963232e-20 7.677021203901361557e-20
7.557668960786126740e-20 7.556636736642273833e-20
7.465559836867002778e-20 7.464505193653075438e-20
7.415302311239775170e-20 7.414283694601902996e-20
7.441803532467050609e-20 7.440750356758344485e-20
7.934171555999066366e-20 7.933060301556493059e-20
1.113404011909464966e-19 1.113274647030998485e-19
6.162839883637040877e-20 6.162132272454471566e-20
6.082780157486356660e-20 6.082045848425250533e-20
5.940339587064826729e-20 5.939439255883455458e-20
5.890190765699285301e-20 5.889625779165918967e-20
5.905424480103583877e-20 5.904865199085908793e-20
5.600651871757183272e-20 5.600096631805571371e-20
5.588450088815778229e-20 5.587895918627613766e-20
5.620614651074176891e-20 5.620050556156483231e-20
5.734494428085792084e-20 5.733965628207523995e-20
6.060289343970518090e-20 6.059760916832853096e-20
8.108289325217058949e-20 8.107758663021081144e-20
4.441277079440890292e-20 4.440740290432460579e-20
4.463199116027083804e-20 4.462649465449516657e-20
4.535184641387238303e-20 4.534605698171109020e-20
4.708610477864431148e-20 4.708068166599432000e-20
5.200937736330029535e-20 5.200422412796805037e-20
3.845363721285817922e-20 3.844812174272054732e-20
6.819403726272831149e-20 6.818774103559536882e-20
3.248003539240410346e-20 3.247077665652837232e-20
3.319423576300418008e-20 3.319209181881917276e-20
3.530740732199965406e-20 3.530531470421309784e-20
5.767985853825635946e-20 5.767781558010807848e-20
2.652755377749094276e-20 2.652555875518226344e-20
2.731654981617280071e-20 2.731460077083795116e-20
3.002670996459929866e-20 3.002480470893160071e-20
4.601468131261169402e-20 4.601281701670171758e-20
1.794860069004720776e-20 1.794677270758785157e-20
1.756903539661093675e-20 1.756723054346745827e-20
1.720650596630183699e-20 1.720480245094015302e-20
1.686140105738849916e-20 1.685973691185221606e-20
1.653412205230510298e-20 1.653249584338640234e-20
1.622541496483205972e-20 1.622382517814035815e-20
1.593641737527725862e-20 1.593486196440766801e-20
1.566882275099278233e-20 1.566730185811778218e-20
1.542516027785055705e-20 1.542367099643359815e-20
1.520924763822936494e-20 1.520778799374930846e-20
1.502702733401677394e-20 1.502559488019372634e-20
1.488817107282315868e-20 1.488676273230716875e-20
1.480948598974331667e-20 1.480809746349048062e-20
1.482311451695514894e-20 1.482173897782538790e-20
1.500025461080077392e-20 1.499887887090805810e-20
1.554364207770455859e-20 1.554222958564729394e-20
1.746354380639153125e-20 1.746169773324639937e-20
1.079237804635494994e-20 1.079128314941077250e-20
1.058933024121739221e-20 1.058826073321652700e-20
1.039540103751120944e-20 1.039435562972300871e-20
1.021071739734474660e-20 1.020969277890556020e-20
1.003547872724743768e-20 1.003448192991128197e-20
9.870018627517391186e-21 9.869042913152008634e-21
9.714799000884658664e-21 9.713842640382573890e-21
9.570490255765991663e-21 9.569550819729244166e-21
9.438053248256880262e-21 9.437126720638484177e-21
9.318882116008468141e-21 9.317959827923515430e-21
9.215060845060110604e-21 9.214109198099067599e-21
9.129524521193661206e-21 9.128735828075326046e-21
9.067713571512480586e-21 9.066944565340527072e-21
9.038341530772461851e-21 9.037591594860874792e-21
9.058448576205929163e-21 9.057716945361797167e-21
9.166465892823413956e-21 9.165750221493537807e-21
9.476530551100713727e-21 9.475837143340619317e-21
1.063918572646628636e-20 1.063850964944966188e-20
7.180531163165695374e-21 7.179871952210301243e-21
7.109244622559564021e-21 7.108601821152048183e-21
7.047917214712278090e-21 7.047290347886556471e-21
6.997622909641448460e-21 6.997011645694505927e-21
6.959777167005847202e-21 6.959181015065121585e-21
6.936274455844988490e-21 6.935692996594344582e-21
6.929703918948161635e-21 6.929136738488313729e-21
6.943699775193252554e-21 6.943146462917346345e-21
6.983541839538801740e-21 6.983001984982118061e-21
7.057253489745319212e-21 7.056726677593781208e-21
7.177785860073603059e-21 7.177271661623233830e-21
7.367892787585792610e-21 7.367390744694416448e-21
7.673006086121499217e-21 7.672515677139769133e-21
8.206055140533687801e-21 8.205575694294445996e-21
9.425004389845710744e-21 9.424534798230263757e-21
7.119972902007072349e-21 7.119509879534273342e-21
8.653699047647998309e-21 8.653261170182284609e-21
3.415201484882613494e-21 3.414774223731698872e-21
3.416291206073234867e-21 3.415874255361906576e-21
3.426619013724304193e-21 3.426212069485639868e-21
3.448019053866067660e-21 3.447621812069560659e-21
3.483016710805434773e-21 3.482628864561338346e-21
3.535189984055293139e-21 3.534811219470934756e-21
3.609791625372512753e-21 3.609421615094698395e-21
3.714887317541173197e-21 3.714525710084554614e-21
3.863604297894276339e-21 3.863250698697546018e-21
4.079044398301217170e-21 4.078698332869904638e-21
4.406614251829913143e-21 4.406275084494640625e-21
4.952041095019596951e-21 4.951707813555484091e-21
6.047716850437664796e-21 6.047387285045680015e-21
9.961592182027136870e-21 9.961257066479487753e-21
6.183667151805238461e-22 6.180725917521294096e-22
6.093202032644413089e-22 6.090332432682640650e-22
6.007297731450557440e-22 6.004497875897361053e-22
5.926024343006053059e-22 5.923292388467337414e-22
5.849474051405943131e-22 5.846808199463108237e-22
5.777764562193113180e-22 5.775163057840284463e-22
5.711043314641154884e-22 5.708504444689515436e-22
5.649492681577337130e-22 5.647014773008398360e-22
5.593336440673965376e-22 5.590917858917600384e-22
5.542847890117111331e-22 5.540487037222409524e-22
3.614813451181849615e-20 3.614790404308392583e-20
1.454706278142434964e-20 1.454683777615789090e-20
1.066968187068101988e-20 1.066946217879100100e-20
8.772406592728359458e-21 8.772192066826190496e-21
7.585743221301380835e-21 7.585533716348046207e-21
6.750351952754818111e-21 6.750147325617027965e-21
6.119735194689870873e-21 6.119535303560412603e-21
5.621434452509426624e-21 5.621239156117288337e-21
5.214976290528052964e-21 5.214785447011499430e-21
4.875796295632247118e-21 4.875609760847667453e-21
4.588092084634235902e-21 4.587909709468964988e-21
4.341296569823395431e-21 4.341118195629288881e-21
4.128214195023116521e-21 4.128039645187249580e-21
3.944013496036265926e-21 3.943842558647628675e-21
3.785732831793882892e-21 3.785565218168642899e-21
3.652194088070014572e-21 3.652029306998446289e-21
3.544436571752123287e-21 3.544273329996072348e-21
3.467272583811037408e-21 3.467076198857119962e-21
3.434092793259437827e-21 3.433944408195385267e-21
3.498256073885364023e-21 3.498111024233895354e-21
3.713402571216176033e-21 3.713260761556251069e-21
2.304561682493077838e-21 2.304423018959625353e-21
2.213193379875161587e-21 2.213057769982647581e-21
2.127888369330378227e-21 2.127755721773071564e-21
2.048060839196466471e-21 2.047931063618580273e-21
1.973205724041726195e-21 1.973078730768286434e-21
1.902885296599447656e-21 1.902760996315449022e-21
1.836718601498871468e-21 1.836596904859681681e-21
1.774373138462844261e-21 1.774253955611883880e-21
1.715558401420581711e-21 1.715441641380188601e-21
1.660021044527378189e-21 1.659906614413053684e-21
1.607541645246835398e-21 1.607429449230966852e-21
1.557933300082664655e-21 1.557823237993441120e-21
1.511042788635197629e-21 1.510934754012746195e-21
1.466756127330027257e-21 1.466650004646074943e-21
1.425013065601078749e-21 1.424908726144446366e-21
1.385843045994096593e-21 1.385740341532215217e-21
1.349463054697583524e-21 1.349361807229255467e-21
1.316605439471179090e-21 1.316505423641203100e-21
1.290169161167083489e-21 1.290070071692130419e-21
1.306192949468072384e-21 1.306094334307059998e-21
1.188309936682491154e-21 1.188211038489908607e-21
1.157973660580230703e-21 1.157872944562299598e-21
1.129080072589597678e-21 1.128973068713390752e-21
1.101624274118603236e-21 1.101447425995144597e-21
1.075310632204731075e-21 1.075238124143063229e-21
1.050363953384204913e-21 1.050292979071449191e-21
1.026634686338516658e-21 1.026565203006898322e-21
1.004081199267448079e-21 1.004013165083343832e-21
9.826668450512317456e-22 9.826002190799451537e-22
9.623598583380180176e-22 9.622946005085338604e-22
9.431333232334430591e-22 9.430693943031025036e-22
9.249652169662805810e-22 9.249025784852759855e-22
9.078385361394285282e-22 9.077771504149548141e-22
8.917415187809745742e-22 8.916813488409606177e-22
8.766679750321120728e-22 8.766089845883363250e-22
8.626177510783121032e-22 8.625599044887798121e-22
8.495973546281090031e-22 8.495406168584674107e-22
8.376207802073464298e-22 8.375651167911466687e-22
8.267105920519111990e-22 8.266559690494715381e-22
8.168993375622953182e-22 8.168457215178761169e-22
8.082313948854513286e-22 8.081787527824435934e-22
8.007654020892530558e-22 8.007137013029853514e-22
7.945774730563271647e-22 7.945266813040647864e-22
7.897655024450135029e-22 7.897155877326904329e-22
7.864549996465353278e-22 7.864059302115650241e-22
7.848071180591054741e-22 7.847588623086077965e-22
7.850299011911470988e-22 7.849824276347886486e-22
7.873943656567193457e-22 7.873476428331455753e-22
7.922580491276849814e-22 7.922120455234210522e-22
8.001004697236435661e-22 8.000551536829968441e-22
8.115782696097020655e-22 8.115336092340048584e-22
8.276143558834671402e-22 8.275703189175537533e-22
8.495487976446933123e-22 8.495053513480550533e-22
8.794091533964057059e-22 8.793662643959063328e-22
9.204303521768907347e-22 9.203879862970453841e-22
9.781506102750689583e-22 9.781087323410331728e-22
1.063026807003759077e-21 1.062985380610622711e-21
1.197899628403306626e-21 1.197858615643088573e-21
1.446420022782114001e-21 1.446379383895224922e-21
2.108553068812268152e-21 2.108512761944584131e-21
4.001952746254595687e-26 0.000000000000000000e+00
3.978006971321129313e-26 0.000000000000000000e+00
3.959246278351880692e-26 0.000000000000000000e+00
3.946156423678878557e-26 0.000000000000000000e+00
3.939335802593626731e-26 0.000000000000000000e+00
3.939527516528027815e-26 0.000000000000000000e+00
3.947663731757360258e-26 0.000000000000000000e+00
3.964930906895587118e-26 0.000000000000000000e+00
3.992788546645043911e-26 0.000000000000000000e+00
4.033307681705267973e-26 0.000000000000000000e+00
4.089092476582043342e-26 0.000000000000000000e+00
4.163744643843889110e-26 0.000000000000000000e+00
4.262313510207676936e-26 0.000000000000000000e+00
4.392124064926720129e-26 0.000000000000000000e+00
4.564265793739146875e-26 0.000000000000000000e+00
4.796469711780941096e-26 0.000000000000000000e+00
5.119212326374646930e-26 0.000000000000000000e+00
5.590415464801871604e-26 0.000000000000000000e+00
6.337988136235272797e-26 0.000000000000000000e+00
7.725809731604475981e-26 0.000000000000000000e+00
1.156885672554695361e-25 0.000000000000000000e+00
4.703022027931887350e-32 0.000000000000000000e+00
4.625900740345527198e-32 0.000000000000000000e+00
4.551820790691775611e-32 0.000000000000000000e+00
4.480783202358544989e-32 0.000000000000000000e+00
4.412797255959495111e-32 0.000000000000000000e+00
4.347881430857024587e-32 0.000000000000000000e+00
4.286064535751366481e-32 0.000000000000000000e+00
4.227387057101438804e-32 0.000000000000000000e+00
4.171902784397889795e-32 0.000000000000000000e+00
4.119680772067674674e-32 0.000000000000000000e+00
4.070807725913543157e-32 0.000000000000000000e+00
4.025390920354444186e-32 0.000000000000000000e+00
3.983561793665107593e-32 0.000000000000000000e+00
3.945480401957126115e-32 0.000000000000000000e+00
3.911340992092986244e-32 0.000000000000000000e+00
3.881379033319008969e-32 0.000000000000000000e+00
3.855880168459757120e-32 0.000000000000000000e+00
3.835191743278107228e-32 0.000000000000000000e+00
3.819737820408082655e-32 0.000000000000000000e+00
3.810038994439511379e-32 0.000000000000000000e+00
3.806738918048871254e-32 0.000000000000000000e+00
3.810640376734058478e-32 0.000000000000000000e+00
3.822755266209549327e-32 0.000000000000000000e+00
3.844375207813506284e-32 0.000000000000000000e+00
3.877173687679131565e-32 0.000000000000000000e+00
3.923357728135442573e-32 0.000000000000000000e+00
3.985900120168311258e-32 0.000000000000000000e+00
4.068908009808637707e-32 0.000000000000000000e+00
4.178233468716133605e-32 0.000000000000000000e+00
4.322538631045885139e-32 0.000000000000000000e+00
4.515276924182722410e-32 0.000000000000000000e+00
4.778691926387077250e-32 0.000000000000000000e+00
5.152810050914461834e-32 0.000000000000000000e+00
5.718960762277609679e-32 0.000000000000000000e+00
6.677196730458448687e-32 0.000000000000000000e+00
8.731006192575223898e-32 0.000000000000000000e+00
1.989863481479381393e-31 0.000000000000000000e+00
0.000000000000000000e+00 0.000000000000000000e+00
0.000000000000000000e+00 0.000000000000000000e+00
0.000000000000000000e+00 0.000000000000000000e+00
0.000000000000000000e+00 0.000000000000000000e+00
0.000000000000000000e+00 0.000000000000000000e+00
0.000000000000000000e+00 0.000000000000000000e+00
0.000000000000000000e+00 0.000000000000000000e+00
0.000000000000000000e+00 0.000000000000000000e+00
0.000000000000000000e+00 0.000000000000000000e+00
0.000000000000000000e+00 0.000000000000000000e+00
0.000000000000000000e+00 0.000000000000000000e+00
0.000000000000000000e+00 0.000000000000000000e+00
0.000000000000000000e+00 0.000000000000000000e+00
0.000000000000000000e+00 0.000000000000000000e+00
0.000000000000000000e+00 0.000000000000000000e+00
0.000000000000000000e+00 0.000000000000000000e+00
0.000000000000000000e+00 0.000000000000000000e+00
0.000000000000000000e+00 0.000000000000000000e+00
0.000000000000000000e+00 0.000000000000000000e+00
0.000000000000000000e+00 0.000000000000000000e+00
0.000000000000000000e+00 0.000000000000000000e+00
0.000000000000000000e+00 0.000000000000000000e+00
0.000000000000000000e+00 0.000000000000000000e+00
0.000000000000000000e+00 0.000000000000000000e+00
0.000000000000000000e+00 0.000000000000000000e+00
0.000000000000000000e+00 0.000000000000000000e+00
0.000000000000000000e+00 0.000000000000000000e+00
0.000000000000000000e+00 0.000000000000000000e+00
0.000000000000000000e+00 0.000000000000000000e+00
0.000000000000000000e+00 0.000000000000000000e+00
0.000000000000000000e+00 0.000000000000000000e+00
0.000000000000000000e+00 0.000000000000000000e+00
0.000000000000000000e+00 0.000000000000000000e+00
0.000000000000000000e+00 0.000000000000000000e+00
0.000000000000000000e+00 0.000000000000000000e+00
0.000000000000000000e+00 0.000000000000000000e+00
0.000000000000000000e+00 0.000000000000000000e+00
0.000000000000000000e+00 0.000000000000000000e+00
0.000000000000000000e+00 0.000000000000000000e+00
0.000000000000000000e+00 0.000000000000000000e+00
0.000000000000000000e+00 0.000000000000000000e+00
0.000000000000000000e+00 0.000000000000000000e+00
0.000000000000000000e+00 0.000000000000000000e+00
0.000000000000000000e+00 0.000000000000000000e+00
0.000000000000000000e+00 0.000000000000000000e+00
0.000000000000000000e+00 0.000000000000000000e+00
0.000000000000000000e+00 0.000000000000000000e+00
0.000000000000000000e+00 0.000000000000000000e+00
0.000000000000000000e+00 0.000000000000000000e+00
0.000000000000000000e+00 0.000000000000000000e+00
0.000000000000000000e+00 0.000000000000000000e+00
0.000000000000000000e+00 0.000000000000000000e+00
0.000000000000000000e+00 0.000000000000000000e+00
0.000000000000000000e+00 0.000000000000000000e+00
0.000000000000000000e+00 0.000000000000000000e+00
0.000000000000000000e+00 0.000000000000000000e+00
0.000000000000000000e+00 0.000000000000000000e+00
0.000000000000000000e+00 0.000000000000000000e+00
0.000000000000000000e+00 0.000000000000000000e+00
0.000000000000000000e+00 0.000000000000000000e+00
0.000000000000000000e+00 0.000000000000000000e+00
0.000000000000000000e+00 0.000000000000000000e+00
0.000000000000000000e+00 0.000000000000000000e+00
0.000000000000000000e+00 0.000000000000000000e+00
0.000000000000000000e+00 0.000000000000000000e+00
0.000000000000000000e+00 0.000000000000000000e+00
0.000000000000000000e+00 0.000000000000000000e+00
0.000000000000000000e+00 0.000000000000000000e+00
0.000000000000000000e+00 0.000000000000000000e+00
0.000000000000000000e+00 0.000000000000000000e+00
0.000000000000000000e+00 0.000000000000000000e+00
0.000000000000000000e+00 0.000000000000000000e+00
0.000000000000000000e+00 0.000000000000000000e+00
0.000000000000000000e+00 0.000000000000000000e+00
0.000000000000000000e+00 0.000000000000000000e+00
0.000000000000000000e+00 0.000000000000000000e+00
0.000000000000000000e+00 0.000000000000000000e+00
0.000000000000000000e+00 0.000000000000000000e+00
0.000000000000000000e+00 0.000000000000000000e+00
0.000000000000000000e+00 0.000000000000000000e+00
0.000000000000000000e+00 0.000000000000000000e+00
0.000000000000000000e+00 0.000000000000000000e+00
0.000000000000000000e+00 0.000000000000000000e+00
0.000000000000000000e+00 0.000000000000000000e+00
0.000000000000000000e+00 0.000000000000000000e+00
0.000000000000000000e+00 0.000000000000000000e+00
0.000000000000000000e+00 0.000000000000000000e+00
0.000000000000000000e+00 0.000000000000000000e+00
0.000000000000000000e+00 0.000000000000000000e+00
0.000000000000000000e+00 0.000000000000000000e+00
0.000000000000000000e+00 0.000000000000000000e+00
0.000000000000000000e+00 0.000000000000000000e+00
0.000000000000000000e+00 0.000000000000000000e+00
0.000000000000000000e+00 0.000000000000000000e+00
0.000000000000000000e+00 0.000000000000000000e+00
0.000000000000000000e+00 0.000000000000000000e+00
0.000000000000000000e+00 0.000000000000000000e+00
0.000000000000000000e+00 0.000000000000000000e+00
0.000000000000000000e+00 0.000000000000000000e+00
0.000000000000000000e+00 0.000000000000000000e+00
0.000000000000000000e+00 0.000000000000000000e+00
0.000000000000000000e+00 0.000000000000000000e+00
0.000000000000000000e+00 0.000000000000000000e+00
0.000000000000000000e+00 0.000000000000000000e+00
0.000000000000000000e+00 0.000000000000000000e+00
0.000000000000000000e+00 0.000000000000000000e+00
0.000000000000000000e+00 0.000000000000000000e+00
0.000000000000000000e+00 0.000000000000000000e+00
0.000000000000000000e+00 0.000000000000000000e+00
0.000000000000000000e+00 0.000000000000000000e+00
0.000000000000000000e+00 0.000000000000000000e+00
0.000000000000000000e+00 0.000000000000000000e+00
0.000000000000000000e+00 0.000000000000000000e+00
0.000000000000000000e+00 0.000000000000000000e+00
0.000000000000000000e+00 0.000000000000000000e+00
0.000000000000000000e+00 0.000000000000000000e+00
0.000000000000000000e+00 0.000000000000000000e+00
0.000000000000000000e+00 0.000000000000000000e+00
0.000000000000000000e+00 0.000000000000000000e+00
0.000000000000000000e+00 0.000000000000000000e+00
0.000000000000000000e+00 0.000000000000000000e+00
0.000000000000000000e+00 0.000000000000000000e+00
0.000000000000000000e+00 0.000000000000000000e+00
0.000000000000000000e+00 0.000000000000000000e+00
0.000000000000000000e+00 0.000000000000000000e+00
0.000000000000000000e+00 0.000000000000000000e+00
0.000000000000000000e+00 0.000000000000000000e+00
0.000000000000000000e+00 0.000000000000000000e+00
0.000000000000000000e+00 0.000000000000000000e+00
0.000000000000000000e+00 0.000000000000000000e+00
0.000000000000000000e+00 0.000000000000000000e+00
0.000000000000000000e+00 0.000000000000000000e+00
0.000000000000000000e+00 0.000000000000000000e+00
0.000000000000000000e+00 0.000000000000000000e+00
0.000000000000000000e+00 0.000000000000000000e+00
0.000000000000000000e+00 0.000000000000000000e+00
0.000000000000000000e+00 0.000000000000000000e+00
0.000000000000000000e+00 0.000000000000000000e+00
0.000000000000000000e+00 0.000000000000000000e+00
0.000000000000000000e+00 0.000000000000000000e+00
0.000000000000000000e+00 0.000000000000000000e+00
0.000000000000000000e+00 0.000000000000000000e+00
0.000000000000000000e+00 0.000000000000000000e+00
0.000000000000000000e+00 0.000000000000000000e+00
0.000000000000000000e+00 0.000000000000000000e+00
0.000000000000000000e+00 0.000000000000000000e+00
0.000000000000000000e+00 0.000000000000000000e+00
0.000000000000000000e+00 0.000000000000000000e+00
0.000000000000000000e+00 0.000000000000000000e+00
0.000000000000000000e+00 0.000000000000000000e+00
0.000000000000000000e+00 0.000000000000000000e+00
0.000000000000000000e+00 0.000000000000000000e+00
0.000000000000000000e+00 0.000000000000000000e+00
0.000000000000000000e+00 0.000000000000000000e+00
0.000000000000000000e+00 0.000000000000000000e+00
0.000000000000000000e+00 0.000000000000000000e+00
0.000000000000000000e+00 0.000000000000000000e+00
