1.358068401964339200e+18
1.373202325003077376e+18
1.440165817475767808e+18
1.352958144473137664e+18
1.372444555477519872e+18
1.388178848034813440e+18
1.386561724917746688e+18
1.546137833294550016e+18
1.450977727858776576e+18
1.507590593553850624e+18
1.454496804852056576e+18
1.573428948916365568e+18
1.426470185223459584e+18
1.665362563355411968e+18
1.428126142386877696e+18
1.686834864495393024e+18
1.685197998892370432e+18
1.546920292089163008e+18
1.628078309254541056e+18
1.782253179718218240e+18
1.617177376211964672e+18
1.766029468035442176e+18
1.652127690694329600e+18
1.618884716506539776e+18
1.664670755288647936e+18
1.597621511679880448e+18
1.616834882445220096e+18
1.728178711246733056e+18
1.558431512120899328e+18
1.680848163639885056e+18
1.735410734706976000e+18
1.693555988916578048e+18
1.902895327234772480e+18
1.835252805365132032e+18
1.821723440006903040e+18
2.143701336504308480e+18
2.015770263941539584e+18
1.988169882099400448e+18
1.904939894621934336e+18
1.864951784532819968e+18
1.975705794445270272e+18
2.045808208684220160e+18
1.874157019689073152e+18
1.714761944702964736e+18
1.879914331221074432e+18
1.776965357856341760e+18
1.816417461793807872e+18
1.889780192520490496e+18
2.040822192248165888e+18
1.924407244057555200e+18
2.052939594921668352e+18
2.030269063805234688e+18
2.033170321163935744e+18
1.898018336213420032e+18
1.891330246665759232e+18
2.808819934583863296e+18
2.028456090547949312e+18
2.016578193264878336e+18
2.346705276174017024e+18
2.109461012421522688e+18
2.757995376401781248e+18
2.359423853568231936e+18
2.236809725175490048e+18
2.376490498968292352e+18
2.270305158606052352e+18
2.203331911729234176e+18
2.319054819713551872e+18
2.353012495175148032e+18
2.140558336680747520e+18
2.324678993496330752e+18
2.275900394773781248e+18
2.266102203198120192e+18
2.318477816086323712e+18
2.384957367380014592e+18
2.846942804393133056e+18
2.961571800041294848e+18
2.465599502059572224e+18
2.533184280526302208e+18
2.375951940397347840e+18
2.502767622280503296e+18
2.474971739723170816e+18
2.448636159461948928e+18
3.042308326537760768e+18
2.738027150388201472e+18
2.707362815963124736e+18
2.765285721452275712e+18
5.919411576137750528e+18
2.915425906086725632e+18
2.840206138521568768e+18
2.841756701683042304e+18
2.912075207688564736e+18
2.816641864543534080e+18
4.169172695706741760e+18
3.505326843406898176e+18
3.201023002723597824e+18
3.278506318966814208e+18
2.990706101850848768e+18
2.778622297818466816e+18
2.909422751218901504e+18
2.906467533710937088e+18
2.816199590869820928e+18
2.559541229486150144e+18
2.547154726956066304e+18
2.475961072688962560e+18
2.381278185900949504e+18
2.334480648945981440e+18
2.914870632840086016e+18
3.294641791565280768e+18
2.827648660573008384e+18
2.767740594737216512e+18
2.522404791299011072e+18
2.838210464426181632e+18
2.710473381539042816e+18
2.757133080728703488e+18
2.589094002421273600e+18
2.542483006432203776e+18
2.550308087272003584e+18
2.783212178264155648e+18
2.843899017489079296e+18
2.650228792629193216e+18
4.935291493934109696e+18
3.457635245694140416e+18
3.322280823555159552e+18
2.950066464372544000e+18
2.782823929703456256e+18
5.270373335202489344e+18
4.484477985548195328e+18
4.056185639016782336e+18
3.597660699184251904e+18
3.434413628823547392e+18
3.399960981089853440e+18
4.408129786145908224e+18
5.519699516537866240e+18
4.401220951009201152e+18
3.938371850012410880e+18
4.056075788368775680e+18
3.477088139188957696e+18
3.632872678633857536e+18
3.698754290875137536e+18
3.256125452641658368e+18
3.570271816256364544e+18
3.806445666173883392e+18
3.306704378948797440e+18
9.424487028520071168e+18
1.159085160964225229e+19
8.355796966988951552e+18
7.661445108746259456e+18
6.886714946598712320e+18
6.271361111695357952e+18
5.818015002419136512e+18
5.400926573200816128e+18
5.384590330738115584e+18
4.982643577183082496e+18
4.790635339352379392e+18
4.673040162157342720e+18
4.398740527038486016e+18
4.574455962841006080e+18
4.391149193769085952e+18
4.215524688282860032e+18
4.375500335098963968e+18
3.921156402422132224e+18
4.372411585871371264e+18
3.917093977847351808e+18
5.074254516561832960e+18
4.522140413724232704e+18
5.951658575245419520e+18
4.680731513444703232e+18
4.402874718562363904e+18
4.471478956825706496e+18
4.456533934909913600e+18
4.037242672380355584e+18
4.063880889697237504e+18
4.029689504457133568e+18
4.279169861452015616e+18
4.269499729410648064e+18
4.709067891672377344e+18
1.150011660427809178e+19
8.483463605039873024e+18
7.280695788577606656e+18
6.831186699943106560e+18
6.528743753641378816e+18
6.953444894179354624e+18
6.634545651961745408e+18
6.696345318356789248e+18
7.756496292317501440e+18
3.716025557826743808e+18
3.504293332065701888e+18
3.509855845589591552e+18
3.442947883178237440e+18
3.995344694413287424e+18
3.630568804944866816e+18
3.480678351126383616e+18
3.461392999920070656e+18
3.949599806350180352e+18
5.487728962971348992e+18
3.464535486612378112e+18
3.618722586473664512e+18
4.692617131499874304e+18
3.451198663210662400e+18
3.412471394021762048e+18
3.838087267912341504e+18
3.380086053739605504e+18
3.485758645418072064e+18
4.232348817442883584e+18
3.039914073832384000e+18
2.876610782665883136e+18
3.625221866669182464e+18
3.952987701780554240e+18
3.608481430974851584e+18
3.916152633762401792e+18
3.451835887080076288e+18
3.473185927719097344e+18
3.508677392656849408e+18
4.028104065494682112e+18
3.336973818591991296e+18
3.426575487923023872e+18
3.414029170383989760e+18
3.078172180412265984e+18
3.107967570469069824e+18
4.042828540336733184e+18
3.128350907162861568e+18
3.199066119753766400e+18
3.045285017107847168e+18
2.933930246309472256e+18
3.145102013983835648e+18
2.787064457201576448e+18
3.730172176053705216e+18
2.999409204710592512e+18
3.071573230724879360e+18
3.154504213783534592e+18
2.907545536015092224e+18
2.893333029536694784e+18
2.802898840521161216e+18
2.685647661365675008e+18
3.720631934417200640e+18
2.949954237686171136e+18
3.137588781808933376e+18
3.049520196010459648e+18
2.863050760613523968e+18
3.064160432394685952e+18
2.724968042183559168e+18
2.670851108373293568e+18
2.550356765018653184e+18
2.583716322078830080e+18
2.480988783836360704e+18
2.588164645031647232e+18
2.991362221089871872e+18
2.855768783065262080e+18
2.575556063505092608e+18
3.068960777185905664e+18
2.536327477928582144e+18
2.424231879645068800e+18
2.608961179361284608e+18
2.630581491829488128e+18
2.382633118573261312e+18
2.330840395959346176e+18
2.386598198887648256e+18
2.296839214754934784e+18
2.355287555055942656e+18
2.307870439520415744e+18
2.169893875126805248e+18
2.199227287688551936e+18
2.066267621468153600e+18
2.444392749573149184e+18
2.273086912344784896e+18
2.124338717300358912e+18
2.369543886494715904e+18
2.381450744462073856e+18
2.238368146478115840e+18
2.267282322700890112e+18
2.225558669655299840e+18
2.207149588160293632e+18
2.322666149419794944e+18
2.168932912621667584e+18
2.381139412174917120e+18
2.571335792438992896e+18
2.194548412330948096e+18
2.249871812915703808e+18
2.116348705254502144e+18
2.009589813624807424e+18
2.053471051156377344e+18
2.037077240269859328e+18
1.997375882318811392e+18
1.905633139091043584e+18
1.999723440484664576e+18
1.927276305753860608e+18
1.848316922600156416e+18
1.898963761048871168e+18
1.869821904847667456e+18
1.833675239792038912e+18
1.942526186605607680e+18
1.818254755078623488e+18
1.918869260663759872e+18
1.900448042816277504e+18
2.232755116553060352e+18
1.863347132635176960e+18
1.824571392963434752e+18
1.749887383989055488e+18
1.827038513007846912e+18
1.733685339779578880e+18
1.784843872257236992e+18
1.721828652034811904e+18
1.789338927885770752e+18
1.718897161009920256e+18
1.698526874543130368e+18
1.795052674096738304e+18
1.803906855177669632e+18
1.730588812660843008e+18
1.626780571463717632e+18
1.723461733982706432e+18
1.593046724708684288e+18
1.540317846234305536e+18
1.591386927611085056e+18
1.540552418670431232e+18
1.464111199399159296e+18
1.553238232874035200e+18
1.500071888737478656e+18
1.534878832235569152e+18
1.482347075272754176e+18
1.471669763052438272e+18
1.487749621629187072e+18
1.426815356888135168e+18
1.422523670278322432e+18
1.399882361852997632e+18
1.373833586876973312e+18
1.376056822319172608e+18
1.379652409086517248e+18
1.524247765270439680e+18
1.374335235515712000e+18
1.358286073117632512e+18
1.318423538936862976e+18
1.318699929401321728e+18
1.297236724424107520e+18
1.312791024309834752e+18
1.294365424379089408e+18
1.279977121047171584e+18
1.274215818325679104e+18
1.352864368871341312e+18
1.253319913450296832e+18
1.282554607135597568e+18
1.227855377512726784e+18
1.243165795844972288e+18
1.201176860609067776e+18
1.174813216147064064e+18
1.167005153801335040e+18
1.169155703676069632e+18
1.190953473247356928e+18
1.185308870091451136e+18
1.154592462061358336e+18
1.111198810966822656e+18
1.119002509963541504e+18
1.112517553199613184e+18
1.059459838709868416e+18
1.037726762936858880e+18
1.051614483552454144e+18
1.036674137403771392e+18
1.029210586471548928e+18
1.039629338977525376e+18
1.018931374457741824e+18
1.008148241518651392e+18
9.867391969260437760e+17
1.003712471456245504e+18
9.824532271846351360e+17
9.863412674808682240e+17
9.742151989583448320e+17
9.621889177432273920e+17
9.554416730399029760e+17
9.139720475577433600e+17
9.409290743500650240e+17
9.153507399143865600e+17
9.083388790793711360e+17
8.833340158322723840e+17
8.652498974302451200e+17
8.816029093659685120e+17
8.619733350688913920e+17
8.537255928413244160e+17
8.368811305258013440e+17
8.392130135310174720e+17
8.311985776225346560e+17
8.232007435105937920e+17
7.977990895560241920e+17
8.149544431673013760e+17
7.793134354681632000e+17
7.759247060353515520e+17
7.565951818161693440e+17
7.652485889638101760e+17
7.536353714282634240e+17
7.421871055988916480e+17
7.224649308434835200e+17
7.429002151686324480e+17
7.307179873038056960e+17
7.199423318334686720e+17
7.148907362527481600e+17
6.942821593765223680e+17
6.765758052233141760e+17
6.759661844237015040e+17
6.565754452950604800e+17
6.647946643235320320e+17
6.589531096569975040e+17
6.547635401081070080e+17
6.322664540871973120e+17
6.413460935920097280e+17
6.214556257799175680e+17
6.201861627325702400e+17
6.155837834535115520e+17
6.046807203430964480e+17
5.950731410181817600e+17
5.826681237344583680e+17
5.841812767081249280e+17
5.695949575406481920e+17
5.651926690357799680e+17
5.518432309332620800e+17
5.509682728133005440e+17
5.553209417494313600e+17
5.406008939269098880e+17
5.396033439110887040e+17
5.238481987720419840e+17
5.151007851749032320e+17
5.060706659268766080e+17
5.052626449551200640e+17
4.944666703309187840e+17
4.834877671147521920e+17
4.825619093262081280e+17
4.770384122175492480e+17
4.681157274717683200e+17
4.691079647695308160e+17
4.586312532696356480e+17
4.524353816085732480e+17
4.471629274634973440e+17
4.455071594322644480e+17
4.325719337294471040e+17
4.300360940173763200e+17
4.201577812572150400e+17
4.128092914249256320e+17
4.076029240591124480e+17
4.003891380145590400e+17
3.969254496923843840e+17
3.924544875972532480e+17
3.793214077491475200e+17
3.789827958674031360e+17
3.704691276643258240e+17
3.622605226167789440e+17
3.633474823739386240e+17
3.540388815457465600e+17
3.482415922684757120e+17
3.429752859874138240e+17
3.417552505566024320e+17
3.321477398720132480e+17
3.219807529866711040e+17
3.195428452296956160e+17
3.157033904847047680e+17
3.135858828417420800e+17
3.057400712212135680e+17
2.995431881026770560e+17
2.947366268170574720e+17
2.864022896331914240e+17
2.847045568711940480e+17
2.772558690103341440e+17
2.718333137944250560e+17
2.650043564893562240e+17
2.645713702946299840e+17
2.602058827350028480e+17
2.558871164269159040e+17
2.507094576709172160e+17
2.453844178257992000e+17
2.390431136259830400e+17
2.358512688488342720e+17
2.310359217147661760e+17
2.252723036809801600e+17
2.205436746335020160e+17
2.192258160526039040e+17
2.129901509722692480e+17
2.109159034600907200e+17
2.042782661333327680e+17
2.005333215105836160e+17
1.957588792886845760e+17
1.919665570079317760e+17
1.895066488061162880e+17
1.814170595429132800e+17
1.797452028925000000e+17
1.756017502246620480e+17
1.713981402892269760e+17
1.668383931002260480e+17
1.661611564687823360e+17
1.602239691864606080e+17
1.558180522325906240e+17
1.524897855808526400e+17
1.484728165310648960e+17
1.454268268471019520e+17
1.418542307834970720e+17
1.377105394857216480e+17
1.350835584937945760e+17
1.323520162330277760e+17
1.287719174033110880e+17
1.283750746685101440e+17
1.229846590536604160e+17
1.199103637270382880e+17
1.167561178009179680e+17
1.138819742999353920e+17
1.098677967331991680e+17
1.072842024405886080e+17
1.037262096787751200e+17
1.007764209920272800e+17
9.826659627204619200e+16
9.544871384044958400e+16
9.233564305248481600e+16
8.992490869574345600e+16
8.737871664162489600e+16
8.510687084909094400e+16
8.239936707863657600e+16
7.961927284207329600e+16
7.734878309917326400e+16
7.569379445644352000e+16
7.343552496645427200e+16
7.150524501241456000e+16
6.861226891507652000e+16
6.727664613755623200e+16
6.477563247711269600e+16
6.273458383110164800e+16
6.043346201928089600e+16
5.861919092576872800e+16
5.716064003595975200e+16
5.492727374416424000e+16
5.319148058335484000e+16
5.155178760002684800e+16
4.983789630821847200e+16
4.766573680603450400e+16
4.640449028690519200e+16
4.496019655862353600e+16
4.371675017581130400e+16
4.191348987668192000e+16
4.016127902470544800e+16
3.860618037808377600e+16
3.708014353039034400e+16
3.569946723269047200e+16
3.462500161737222400e+16
3.302681999685923200e+16
3.173962817359050800e+16
3.076790421020119200e+16
2.932068137664640400e+16
2.826126479423294800e+16
2.712042744093482800e+16
2.610480042408414800e+16
2.493686976271009600e+16
2.415590596974441200e+16
2.299610799209572000e+16
2.195807579079743600e+16
2.113913696435226800e+16
2.064225211640100000e+16
1.971078612165060800e+16
1.866496967949543600e+16
1.786065123240214400e+16
1.728011148791882800e+16
1.653328170784586000e+16
1.587564552596610600e+16
1.525470334120095200e+16
1.460189095854747800e+16
1.402868786141927000e+16
1.334320562414707000e+16
1.274389636076960600e+16
1.210664796838471000e+16
1.172792880342500200e+16
1.119530567848901800e+16
1.061545380827320600e+16
1.019818200164839000e+16
9.768641263492428000e+15
9.407368236209560000e+15
8.885899366453323000e+15
8.530671537602801000e+15
8.151702608006627000e+15
7.694657959669173000e+15
7.424420791738210000e+15
7.108158748479706000e+15
6.783887165907181000e+15
6.563688429738117000e+15
6.303941602131804000e+15
5.929020938979948000e+15
5.727990779420380000e+15
5.417564994499709000e+15
5.167708689962243000e+15
4.939327509865634000e+15
4.758068774707494000e+15
4.554051746983148000e+15
4.366773177089646000e+15
4.129215088627847500e+15
4.042756497923177500e+15
3.782055181289256000e+15
3.685000378008747000e+15
3.508262588007366000e+15
3.335880062307460500e+15
3.219488225566384000e+15
3.087734559194664500e+15
2.920783389149208000e+15
2.757858041628463000e+15
2.638033625773154000e+15
2.529651482087454500e+15
2.404085017438857000e+15
2.313294265594612500e+15
2.202726763378343750e+15
2.135670969495633500e+15
2.054589362677407000e+15
1.957707734477280250e+15
1.866183600714015500e+15
1.780421454523594000e+15
1.710872509003977000e+15
1.631883177803086750e+15
1.568785910752070250e+15
1.479694233421630250e+15
1.424198087391498000e+15
1.378249996271506250e+15
1.296622738008639500e+15
1.252647511508019750e+15
1.189296002529067250e+15
1.146325040641350500e+15
1.076005037679751000e+15
1.041658742802148000e+15
9.845762530335343750e+14
9.473694437818442500e+14
9.213791280472510000e+14
8.949950486052653750e+14
8.544294173155858750e+14
8.156481120493411250e+14
7.841051190898215000e+14
7.459819371124035000e+14
7.202451073447020000e+14
6.833427219074091250e+14
6.519582353199903750e+14
6.173741204489046250e+14
5.904200671873870000e+14
5.712420520529732500e+14
5.485663258874505625e+14
5.285219759086383125e+14
5.066311273328515625e+14
4.813404198907429375e+14
4.663160625787961875e+14
4.331277775836034375e+14
4.274266810407724375e+14
3.993508748242110000e+14
3.831413112509566875e+14
3.688775556993543125e+14
3.597378781575431250e+14
3.455159653717796875e+14
3.320013302522265625e+14
3.094886553243408750e+14
3.017958085447522500e+14
2.859440827920396875e+14
2.812178326822539062e+14
3.239731994949310625e+14
2.550954785532668125e+14
2.419306417378387812e+14
2.265429133339597188e+14
2.207592501627856875e+14
2.116471218264294688e+14
2.037757602271783750e+14
1.945797942220139375e+14
1.866297376559561250e+14
1.905179687130829062e+14
1.727844494414137812e+14
1.690369064843623125e+14
1.597270948706391875e+14
1.632922607703428125e+14
1.491519305703311250e+14
1.403958345110752031e+14
1.372723281388992031e+14
1.277966837327358125e+14
1.251493996761852188e+14
1.195706363035823438e+14
1.141697019013093750e+14
1.109281209252357812e+14
1.062597120217156875e+14
9.804773681989898438e+13
9.546344471680375000e+13
9.423542091877037500e+13
9.457189778106667188e+13
8.697439091990675000e+13
8.792626228487917188e+13
7.943028645871560938e+13
8.204203587022757812e+13
7.644347456686918750e+13
7.152521044960075000e+13
6.808373433408945312e+13
6.494293511427472656e+13
6.321514504511305469e+13
6.041781707935931250e+13
5.730808888487204688e+13
5.563202654858499219e+13
5.365991128890113281e+13
5.012474862507539062e+13
4.878053085365095312e+13
4.619439764883443750e+13
4.424784500246800781e+13
4.431620977943089844e+13
4.101171470507159375e+13
3.858272534026835156e+13
3.683026492811157031e+13
3.653183419462696875e+13
3.372231259919862109e+13
3.371688112765043359e+13
3.207245968348483203e+13
3.085203346617909375e+13
2.894124430307303125e+13
2.804028636843666797e+13
2.592158970608371484e+13
2.514799985198517188e+13
2.376551912720634766e+13
2.329619666087493359e+13
2.193776638784855078e+13
2.154904368167012500e+13
2.064280006487032422e+13
1.955826474358121094e+13
1.928246230393101562e+13
1.799217855554804297e+13
1.766610893005807031e+13
1.680239691284427148e+13
1.669343757092235352e+13
1.565704908064252539e+13
1.486753296634446289e+13
1.465500530779558398e+13
1.415167327189429688e+13
1.320226819279228711e+13
1.256670161249322461e+13
1.204818198675044336e+13
1.148889838537466992e+13
1.115905894527730469e+13
1.155099103575220508e+13
1.053915404550000391e+13
1.027915860352053320e+13
1.000123101854977539e+13
9.288708794491843750e+12
9.484525875963492188e+12
8.469753608838146484e+12
8.383381300453411133e+12
7.846015527247271484e+12
7.528661806236471680e+12
7.036793868623385742e+12
6.973102193379586914e+12
6.493422294971526367e+12
6.369485412699661133e+12
6.227959072843471680e+12
6.190805403488603516e+12
5.686841199525763672e+12
5.614826930955740234e+12
5.421100451278312500e+12
5.040406553446648438e+12
4.678176798011753906e+12
4.755919907280052734e+12
4.643663889452367188e+12
4.514380989407289062e+12
4.292442023102706543e+12
4.124184991450553711e+12
3.984164586007322754e+12
3.891099504827478027e+12
3.688826237409097656e+12
3.353488786156015137e+12
3.321297457789474609e+12
3.210909605231914551e+12
3.099439404914736816e+12
2.950730062392668457e+12
2.806802934550211426e+12
2.534449107060013672e+12
2.516437843228374023e+12
2.432845763381708008e+12
2.315071904477994629e+12
2.130260178879058838e+12
2.126069681042297363e+12
2.066108094378305420e+12
1.976989875775751221e+12
1.794087759600471191e+12
1.851950845939502930e+12
1.708739434523256104e+12
1.633407422315875732e+12
1.636629644880066650e+12
1.509608568997701172e+12
1.506598418502396484e+12
1.387621265316314453e+12
1.332947899940774170e+12
1.346486675959031250e+12
1.302482769773178467e+12
1.236780764430871094e+12
1.288222453582408691e+12
1.160744679551647217e+12
1.155318792537447998e+12
1.242045551443498291e+12
1.021632416675566650e+12
9.451392430649073486e+11
9.181606431367794189e+11
8.910758617368436279e+11
8.760972363692222900e+11
8.475445007790634766e+11
7.822129521848295898e+11
8.172540857222397461e+11
7.277305616821966553e+11
6.888248938782124023e+11
7.073886417776539307e+11
6.378870292697774658e+11
6.327864153297884521e+11
6.128323570141164551e+11
5.996239755004547119e+11
5.773992416352092285e+11
5.651271795975427246e+11
5.490661105315754395e+11
4.881283409409109497e+11
5.064878534070214233e+11
4.895204060069091187e+11
4.689138519327230225e+11
4.029899642271528931e+11
3.840079035664817505e+11
4.039195035399226685e+11
3.496742980485184937e+11
3.224920588452359009e+11
3.267167395513188477e+11
3.351438184084143677e+11
2.870516760828864746e+11
2.887214063111769409e+11
2.782691261075241089e+11
2.851197018060955811e+11
2.336411543742543335e+11
2.394734992244913330e+11
2.249981314449898071e+11
2.527522641420947571e+11
2.185820568381492004e+11
2.109575030431879883e+11
2.010127402777985229e+11
1.868582241893189087e+11
1.841229643459948730e+11
1.731870468909711304e+11
1.885944378805674133e+11
1.603914602834008789e+11
1.651166716161220398e+11
1.572485530600226440e+11
1.449992501857652588e+11
1.376557672734727173e+11
1.329472012030741730e+11
1.557287324570136108e+11
1.270819966750794220e+11
1.244407173510870819e+11
1.355439591507714844e+11
1.239408713875652313e+11
1.090892522773890533e+11
1.073638328322829285e+11
9.965856734727922058e+10
9.709521646565351868e+10
8.699590093169784546e+10
8.240943555478181458e+10
8.225823956887855530e+10
8.160217514660610962e+10
7.626091256066156006e+10
7.876435803039695740e+10
7.363824427595286560e+10
6.808230787180091095e+10
6.536639003098403931e+10
6.589839694709597778e+10
6.336815170382772064e+10
6.014194034512144470e+10
6.195363531678788757e+10
5.571837031993211365e+10
5.816162005466778564e+10
5.216143120888036346e+10
5.156748360121319580e+10
4.676829395936489105e+10
4.314791927535161591e+10
3.965709934843830109e+10
3.929656115210444641e+10
3.885864135431660461e+10
3.694943471428641510e+10
3.496228341404943848e+10
3.151102732334865189e+10
3.404838819358048630e+10
3.695574122330297852e+10
3.457345517123099518e+10
3.566360252878235626e+10
3.180921709766366959e+10
3.326728456777914810e+10
3.035397123896513748e+10
2.749639845515287399e+10
2.773726150566683960e+10
3.265655532643352509e+10
2.672405558296250916e+10
2.646125253968470764e+10
2.496810204650817108e+10
2.119138182247900772e+10
2.098755188831248856e+10
2.164115740868619919e+10
2.020919129793289185e+10
1.956886399484594727e+10
1.858576291443637848e+10
2.017879203406811905e+10
1.525358937992829323e+10
1.891113555849549103e+10
1.852602660112820816e+10
1.502798769386025238e+10
1.460506503838177872e+10
1.433922990923521996e+10
1.429236380251305580e+10
1.131143894246150970e+10
1.139159594131525421e+10
1.067328217729193115e+10
1.020176493869452095e+10
1.015837998983234978e+10
9.786326291706754684e+09
9.681188964165208817e+09
9.423238271558418274e+09
7.380120788970339775e+09
7.269292147788908005e+09
7.041511129668914795e+09
6.729945744681609154e+09
7.236641342169215202e+09
6.211987595443351746e+09
6.566692495800984383e+09
5.909536021714904785e+09
7.076550126511299133e+09
7.174338289219290733e+09
5.496906192877009392e+09
5.542963191329047203e+09
4.099186327957623959e+09
4.342994173633703232e+09
4.385445059129955292e+09
4.849915891311038971e+09
4.183700497948729038e+09
4.630105546118901253e+09
3.536053036352693558e+09
3.052035472513612747e+09
3.810996089194558620e+09
1.782254604248650312e+09
1.625672542297822475e+09
1.265614100580439806e+09
1.832462099028128147e+09
2.380867861012478352e+09
3.170527039751121402e+07
3.561667412587977201e+07
4.300611831488823146e+07
6.358642873221402615e+07
1.669325209315165978e-21
1.637617903019945208e-21
1.913816051558482940e-21
1.922326347418666906e-21
1.587185735300817015e-21
1.543530833252103149e-21
1.809653570224439328e-21
1.337209317784901477e-21
1.348984804266998729e-21
1.533673254651740177e-21
1.292662226742523129e-21
1.237965650672885588e-21
1.207599952080650678e-21
1.169866147196240019e-21
1.142772584329822522e-21
9.656285007783548919e-22
9.477425576573722577e-22
1.175015254560037216e-21
1.064335772746774309e-21
8.536334563316999282e-22
9.650924862779653078e-22
7.580690863429816766e-22
7.116292204713511577e-22
8.974351359656940696e-22
7.781886535198461185e-22
7.417558295300027333e-22
7.387162088109053460e-22
9.760412126363968956e-22
8.146058299316232645e-22
8.289849904792892754e-22
7.312907502299862466e-22
7.258346138714008882e-22
7.529967454747185055e-22
8.633010519375103902e-22
7.266401599691580597e-22
7.422760652132249399e-22
7.149475284266637129e-22
6.505759387127752445e-22
6.566748740563475290e-22
5.685089831186114729e-22
5.424299512208315672e-22
5.058104205552998432e-22
4.903098101856321664e-22
5.506447359349521949e-22
6.052724978485529745e-22
4.870743687965689977e-22
4.695928289341466659e-22
4.958682251798007265e-22
4.541583146494533882e-22
4.423379821059437750e-22
3.861960740221106756e-22
3.729312176153006808e-22
4.930300742885369292e-22
4.131597961299843207e-22
4.037426225632913859e-22
3.417851372233946466e-22
3.417393844203134770e-22
3.436267359281621834e-22
2.735456804339395635e-22
3.223503724522702751e-22
2.917064811798900253e-22
2.793928489175752675e-22
2.700693783337912776e-22
2.609171590492223404e-22
3.792664530643211746e-22
2.848098089772424709e-22
2.640850374973588709e-22
2.523431462171315062e-22
2.449796000152905002e-22
2.413505334630942661e-22
2.182550914137155714e-22
2.701242999606278694e-22
2.550750339636789940e-22
2.238120213776071985e-22
4.543333881449978505e-22
2.803024161205765790e-22
2.493259875182819087e-22
2.970598816803187768e-22
1.868469756186704819e-22
1.739066854429561252e-22
1.709951662613329259e-22
1.639450695376428162e-22
2.322203051744227174e-22
1.989654692626109178e-22
1.896186422489483071e-22
1.618430903214987787e-22
1.578279798510733017e-22
1.664289240188374217e-22
1.359393009337999874e-22
1.333059459309243753e-22
1.245144779914533096e-22
1.277427226079001382e-22
1.127715404949873623e-22
1.092300303058951451e-22
1.066600345583278555e-22
1.046365407630279758e-22
1.043576908388138237e-22
9.859804396553218068e-23
9.726611475111601209e-23
9.660475675942913758e-23
9.805222981596442213e-23
9.971787406658584911e-23
1.107787969265682870e-22
7.964919829829471006e-23
8.042681531816192991e-23
7.563743022232832727e-23
9.114283783848744888e-23
7.239768937208646066e-23
6.753335503951042758e-23
7.514185599208777866e-23
6.348739328256454400e-23
6.328590549646563652e-23
6.989640808042873823e-23
6.038722715476223006e-23
6.549988347299120977e-23
5.525031244352634527e-23
4.723385362914170350e-23
4.406508879089255785e-23
4.124869121648669179e-23
4.059051998786396381e-23
4.025453416686628174e-23
3.977033412944925155e-23
4.111021582139144703e-23
3.817864078252516682e-23
8.289608533618489811e-23
7.028294762725578969e-23
5.584913614936076461e-23
5.190986067157119942e-23
4.926444264736173806e-23
4.745823859605708357e-23
4.640485451332972273e-23
4.639667646100013913e-23
1.090872108117136334e-22
1.275966657630771343e-22
9.519143733136579863e-23
8.257539938080417183e-23
1.495622949396880645e-22
1.051725483097006060e-22
9.852488201475230881e-23
7.594113333847185414e-23
7.056061102764208269e-23
6.712728044885413042e-23
6.252115230054640582e-23
6.108037369149400620e-23
6.075139638582538350e-23
5.147403433053554093e-23
4.984183036822546169e-23
4.882148752846271291e-23
1.025486619956985276e-22
8.195621907231885632e-23
8.820777754093695495e-23
6.489800287143468655e-23
6.116123497383122768e-23
5.836762868218881999e-23
5.622951708934521435e-23
5.461939415254776697e-23
5.346003174039303733e-23
5.388690818283766599e-23
5.214971334609062616e-23
5.264368754019958615e-23
5.725198658354380740e-23
5.667761670938265063e-23
5.357172559444230897e-23
6.556391893649600766e-23
2.605988685039406316e-23
2.575894897910749835e-23
2.587301955165939492e-23
2.679654679479763982e-23
2.260066177111953922e-23
2.247186884541105969e-23
2.246790890065615536e-23
2.264459952364598966e-23
6.209249827353978739e-23
4.520911573560633001e-23
4.181168861707520786e-23
4.470017053098047295e-23
2.418843594874895152e-23
2.265314282410939113e-23
2.144594655082866368e-23
2.047427407480574675e-23
1.961748055502851888e-23
1.892034150651084213e-23
1.833082255223950525e-23
1.784008564313876006e-23
1.744285308509506685e-23
1.724984693313232538e-23
1.686036221915349538e-23
1.692298417391429551e-23
1.798327903426284405e-23
1.464923970361699759e-23
1.457879547885571447e-23
1.481447224045319086e-23
1.382557124857372614e-23
1.387015342202867256e-23
1.405297551500144243e-23
4.673627270772023733e-23
3.340801749719639512e-23
3.668394852234201526e-23
2.860253023229586853e-23
2.592820270382168684e-23
1.600196972772810856e-23
1.551853232376448413e-23
1.303551100848941588e-23
1.237024310496566790e-23
1.180469264401754952e-23
1.131100832111218445e-23
1.088952703291948783e-23
1.052639008150359455e-23
1.021731393301718610e-23
9.961280593390209812e-24
9.763915412677371129e-24
9.637374146561457321e-24
9.611097291271152230e-24
9.758619765753696762e-24
1.033727822036103651e-23
1.358811965572841045e-23
6.350163773725104467e-24
6.188631248951487532e-24
6.044152293694535507e-24
5.917594146478432824e-24
5.811650807665275065e-24
5.722832482705404713e-24
5.663949569350729260e-24
5.640827527338330292e-24
5.669783019238869369e-24
5.786989420610680734e-24
6.095750345116709761e-24
7.245158626083379670e-24
6.016890942486926286e-24
3.072794677703166496e-24
2.984238661122736765e-24
2.900966130657847795e-24
2.825425326104185389e-24
2.721953618055659377e-24
2.646774033447231258e-24
2.574894205508551865e-24
2.506168838659437308e-24
2.440475227242586512e-24
2.377703289126538477e-24
2.317747642373685469e-24
2.260536546324120485e-24
2.206030198817237383e-24
2.154256934167996760e-24
2.105385606739788169e-24
2.059983477649080503e-24
2.020959947228572010e-24
1.955484758842308760e-24
1.914068044830989687e-24
1.874796103810175567e-24
1.837630216395969596e-24
1.802566816205080360e-24
1.769621854209198262e-24
1.738847789331177651e-24
1.710458496050864213e-24
1.682643444494243001e-24
1.658350657902759111e-24
1.636441648340813355e-24
1.617045957585026403e-24
1.590266510714825296e-23
1.132190901723987662e-23
9.344131558674716456e-24
8.170818445437761872e-24
7.372768549448993077e-24
6.785900819783887731e-24
6.334648457334579698e-24
5.978876991855335254e-24
5.695989322148695609e-24
5.473264361780666967e-24
5.304501990179395860e-24
5.193690541257184521e-24
5.152911012087291206e-24
5.220416119474142837e-24
5.520419099635777091e-24
6.788488982043800317e-24
2.949615604613733238e-24
2.840143104282395722e-24
2.739996027247429841e-24
2.648118463416666517e-24
2.563683861505493937e-24
2.486044295197340792e-24
2.414586739525335698e-24
2.348863437457363174e-24
2.288502014252814224e-24
2.233196541482162886e-24
2.182692356836854219e-24
2.136822509138581726e-24
2.095506334165444578e-24
2.058671394175729428e-24
2.026351109841546483e-24
1.998710403204945132e-24
1.975996830573657731e-24
1.958777874629482310e-24
1.949401469834341432e-24
1.933890538217044486e-24
1.933856566978037600e-24
1.941763439969168462e-24
1.959370130618865018e-24
1.989015781992291034e-24
2.033678364374463345e-24
2.100046445534600016e-24
2.197129940495367246e-24
2.341897694643350136e-24
2.569685019112100719e-24
2.970415067842681015e-24
3.867389884805575414e-24
9.825502929198232181e-24
1.082059182465200279e-25
1.053511485679025619e-25
1.025749176117163092e-25
9.987497767275154325e-26
9.724914938537288492e-26
9.469531943491254772e-26
9.221143841077808259e-26
8.979551866820658393e-26
8.744563236163000457e-26
8.515990945561783578e-26
8.293653585779694440e-26
8.077375162674912341e-26
7.866984921897352237e-26
7.662317180569260167e-26
7.463211166445358686e-26
7.269510860806478298e-26
7.081064847575165444e-26
6.897726169169500758e-26
6.719352184697595191e-26
6.545804435540128980e-26
6.376948513704086399e-26
6.212653937156037581e-26
6.052794026661077078e-26
5.897245789014757323e-26
5.745889805330554672e-26
5.598610130554746026e-26
5.455294557330955074e-26
5.315832219558290314e-26
5.180118637979693452e-26
5.048050045202841882e-26
4.919526267352024938e-26
4.794450006376668107e-26
4.672726754950002360e-26
4.554264711527180570e-26
4.438974700648717779e-26
4.326770094412415880e-26
4.217566737602708692e-26
4.111282873882754372e-26
4.007839076877508990e-26
3.907158181322187557e-26
3.809165218578558425e-26
3.713787352699799233e-26
3.620953822012576914e-26
3.530595879438311285e-26
3.442646739531704109e-26
3.357041525525171452e-26
3.273717223356518917e-26
3.192612636937159460e-26
3.113668354250136548e-26
3.036826719228421537e-26
2.962031822406196194e-26
2.889229518561981713e-26
2.818367505626935372e-26
2.749395558832582178e-26
2.682266466000334925e-26
2.616959407824352291e-26
2.553334179593829849e-26
2.491471864465975850e-26
2.431320791225943504e-26
2.372998655247109380e-26
2.314673229529824361e-26
2.259066014614426863e-26
2.204939270344018833e-26
