8.661529780297658270e+21 0.000000000000000000e+00
8.513052887376276226e+21 0.000000000000000000e+00
8.366821873831007748e+21 0.000000000000000000e+00
8.223101529956095623e+21 0.000000000000000000e+00
8.081799495519399051e+21 0.000000000000000000e+00
7.942978666854385451e+21 0.000000000000000000e+00
7.806498380433162502e+21 0.000000000000000000e+00
7.672340399638991340e+21 0.000000000000000000e+00
7.540463516552801550e+21 0.000000000000000000e+00
7.410812891921209360e+21 0.000000000000000000e+00
7.283398340561990582e+21 0.000000000000000000e+00
7.158131413035940577e+21 0.000000000000000000e+00
7.034922456919828333e+21 0.000000000000000000e+00
6.913844684764552888e+21 0.000000000000000000e+00
6.794838983972508140e+21 0.000000000000000000e+00
6.677900286618766410e+21 0.000000000000000000e+00
6.562922654825526067e+21 0.000000000000000000e+00
6.449924499122521375e+21 0.000000000000000000e+00
6.338885027324653208e+21 0.000000000000000000e+00
6.230197347895223517e+21 0.000000000000000000e+00
6.122241021050509853e+21 0.000000000000000000e+00
6.016781316017775182e+21 0.000000000000000000e+00
5.913127501062950879e+21 0.000000000000000000e+00
5.811303113791418401e+21 0.000000000000000000e+00
5.711041987583878889e+21 0.000000000000000000e+00
5.612639343238060179e+21 0.000000000000000000e+00
5.515855116879764914e+21 0.000000000000000000e+00
5.420811696535509139e+21 0.000000000000000000e+00
5.327452692608820707e+21 0.000000000000000000e+00
5.235457244732197962e+21 0.000000000000000000e+00
5.145203759016265646e+21 0.000000000000000000e+00
5.056473159514836697e+21 0.000000000000000000e+00
4.969288169478530531e+21 0.000000000000000000e+00
4.883595138559291425e+21 0.000000000000000000e+00
4.799405924070508724e+21 0.000000000000000000e+00
4.716634340404208075e+21 0.000000000000000000e+00
4.635304830705535025e+21 0.000000000000000000e+00
4.555353028068896145e+21 0.000000000000000000e+00
4.476807602025816130e+21 0.000000000000000000e+00
4.399649022091777278e+21 0.000000000000000000e+00
4.323817640423173128e+21 0.000000000000000000e+00
4.249296014628069835e+21 0.000000000000000000e+00
4.176225174123644453e+21 0.000000000000000000e+00
4.103776052205361562e+21 0.000000000000000000e+00
4.033027337652844102e+21 0.000000000000000000e+00
3.963504612391194198e+21 0.000000000000000000e+00
3.895106708304684909e+21 0.000000000000000000e+00
3.828045133894974439e+21 0.000000000000000000e+00
3.763028239066298057e+21 0.000000000000000000e+00
3.697061002072107778e+21 0.000000000000000000e+00
3.633432585341149118e+21 0.000000000000000000e+00
3.571111253529054413e+21 0.000000000000000000e+00
3.508747649346376827e+21 0.000000000000000000e+00
3.448181425220716855e+21 0.000000000000000000e+00
3.388761624875859182e+21 0.000000000000000000e+00
3.330227088641776157e+21 0.000000000000000000e+00
3.272791375046611304e+21 0.000000000000000000e+00
3.216360609338322059e+21 0.000000000000000000e+00
3.160850667913140503e+21 0.000000000000000000e+00
3.106296987414724346e+21 0.000000000000000000e+00
3.052712366709688762e+21 0.000000000000000000e+00
3.000087327619340567e+21 0.000000000000000000e+00
2.948359113978634306e+21 0.000000000000000000e+00
2.897447262742249996e+21 0.000000000000000000e+00
2.847497702133997765e+21 0.000000000000000000e+00
2.798366442989949026e+21 0.000000000000000000e+00
2.750145713697770177e+21 0.000000000000000000e+00
2.702651277412324082e+21 0.000000000000000000e+00
2.656005235407255503e+21 0.000000000000000000e+00
2.610233485437744185e+21 0.000000000000000000e+00
2.565194619309909344e+21 0.000000000000000000e+00
2.520956307018446537e+21 0.000000000000000000e+00
2.477425367441765040e+21 0.000000000000000000e+00
2.434748469189256151e+21 0.000000000000000000e+00
2.392704491402492903e+21 0.000000000000000000e+00
2.351416790368032129e+21 0.000000000000000000e+00
2.310859941077178122e+21 0.000000000000000000e+00
2.270999021430732489e+21 0.000000000000000000e+00
2.231818972681348579e+21 0.000000000000000000e+00
2.193350556570307002e+21 0.000000000000000000e+00
2.155495944563545080e+21 0.000000000000000000e+00
2.118317675916630688e+21 0.000000000000000000e+00
2.081792372183444226e+21 0.000000000000000000e+00
2.046030339936033440e+21 0.000000000000000000e+00
2.010553130133424439e+21 0.000000000000000000e+00
1.975891877286906692e+21 0.000000000000000000e+00
1.941824708509991961e+21 0.000000000000000000e+00
1.908357749469503029e+21 0.000000000000000000e+00
1.875198159243295588e+21 0.000000000000000000e+00
1.842831065343050646e+21 0.000000000000000000e+00
1.811030225701574279e+21 0.000000000000000000e+00
1.779773567420759802e+21 0.000000000000000000e+00
1.749064752935002178e+21 0.000000000000000000e+00
1.718880322491004223e+21 0.000000000000000000e+00
1.689253641350133580e+21 0.000000000000000000e+00
1.660032693289934651e+21 0.000000000000000000e+00
1.631316071443326829e+21 0.000000000000000000e+00
1.603196899679599067e+21 0.000000000000000000e+00
1.575428928104992342e+21 0.000000000000000000e+00
1.548150882492148089e+21 0.000000000000000000e+00
1.521427960685733085e+21 0.000000000000000000e+00
1.495150284935105872e+21 0.000000000000000000e+00
1.469312195092876100e+21 0.000000000000000000e+00
1.443938240326716621e+21 0.000000000000000000e+00
1.419119455844363403e+21 0.000000000000000000e+00
1.394391239412745503e+21 0.000000000000000000e+00
1.370283969587681690e+21 0.000000000000000000e+00
1.346576360413499490e+21 0.000000000000000000e+00
1.323308217761284227e+21 0.000000000000000000e+00
1.300418381679591424e+21 0.000000000000000000e+00
1.277940326672289759e+21 0.000000000000000000e+00
1.255835809973275722e+21 0.000000000000000000e+00
1.234141153027546153e+21 0.000000000000000000e+00
1.212724771301591351e+21 0.000000000000000000e+00
1.191724785971476824e+21 0.000000000000000000e+00
1.171114511494843204e+21 0.000000000000000000e+00
1.150891123894738485e+21 0.000000000000000000e+00
1.130851646459302642e+21 0.000000000000000000e+00
1.111265653002452730e+21 0.000000000000000000e+00
1.092058702251427627e+21 0.000000000000000000e+00
1.073164746547065127e+21 0.000000000000000000e+00
1.054654136497851597e+21 0.000000000000000000e+00
1.037076956127652872e+21 0.000000000000000000e+00
1.018208807172541907e+21 0.000000000000000000e+00
1.000550394430790828e+21 0.000000000000000000e+00
9.832327022922330276e+20 0.000000000000000000e+00
9.662016306211160064e+20 0.000000000000000000e+00
9.495194041753898844e+20 0.000000000000000000e+00
9.329822818369559593e+20 0.000000000000000000e+00
9.168165683675353580e+20 0.000000000000000000e+00
9.009002857409721139e+20 0.000000000000000000e+00
8.852886007416155013e+20 0.000000000000000000e+00
8.699489823979542938e+20 0.000000000000000000e+00
8.548960328706123366e+20 0.000000000000000000e+00
8.401168000612085268e+20 0.000000000000000000e+00
8.255590364698151485e+20 0.000000000000000000e+00
8.112479891677498573e+20 0.000000000000000000e+00
7.971324951108926833e+20 0.000000000000000000e+00
7.833352564811812045e+20 0.000000000000000000e+00
7.695366528676539924e+20 0.000000000000000000e+00
7.562047037650609111e+20 0.000000000000000000e+00
7.430375239424813302e+20 0.000000000000000000e+00
7.301481669121987052e+20 0.000000000000000000e+00
7.174955783192274534e+20 0.000000000000000000e+00
7.050772116971211981e+20 0.000000000000000000e+00
6.928757193224918139e+20 0.000000000000000000e+00
6.809077075728960061e+20 0.000000000000000000e+00
6.693164131753648456e+20 0.000000000000000000e+00
6.573241524333644349e+20 0.000000000000000000e+00
6.460216505030796902e+20 0.000000000000000000e+00
6.347186447742451057e+20 0.000000000000000000e+00
6.237559870802024202e+20 0.000000000000000000e+00
6.130130331277316588e+20 0.000000000000000000e+00
6.024230889414340116e+20 0.000000000000000000e+00
5.918017212104272773e+20 0.000000000000000000e+00
5.816187603477013463e+20 0.000000000000000000e+00
5.715839244470145516e+20 0.000000000000000000e+00
5.623131034553225052e+20 0.000000000000000000e+00
5.518270356266253681e+20 0.000000000000000000e+00
5.421634083575881400e+20 0.000000000000000000e+00
5.328136754176718275e+20 0.000000000000000000e+00
5.237735084084141097e+20 0.000000000000000000e+00
5.144140849146505462e+20 0.000000000000000000e+00
5.055256809784534630e+20 0.000000000000000000e+00
4.966626281484200837e+20 0.000000000000000000e+00
4.880424755952545300e+20 0.000000000000000000e+00
4.796434651753040445e+20 0.000000000000000000e+00
4.713124782662864732e+20 0.000000000000000000e+00
4.631425089827335700e+20 0.000000000000000000e+00
4.552054833539414098e+20 0.000000000000000000e+00
4.473387544571205386e+20 0.000000000000000000e+00
4.396813098839433544e+20 0.000000000000000000e+00
4.322133535074849915e+20 0.000000000000000000e+00
4.248565136277128479e+20 0.000000000000000000e+00
4.171748299714138604e+20 0.000000000000000000e+00
4.099886665627471053e+20 0.000000000000000000e+00
4.031208990014168105e+20 0.000000000000000000e+00
3.959761713684687749e+20 0.000000000000000000e+00
3.892732970507588076e+20 0.000000000000000000e+00
3.825438954270038426e+20 0.000000000000000000e+00
3.761165719383664230e+20 0.000000000000000000e+00
3.697202986797976125e+20 0.000000000000000000e+00
3.633639168044706693e+20 0.000000000000000000e+00
3.572780116581834424e+20 0.000000000000000000e+00
3.514354125503463424e+20 0.000000000000000000e+00
3.461355402010194084e+20 0.000000000000000000e+00
3.385533490722399846e+20 0.000000000000000000e+00
3.322331588655853076e+20 0.000000000000000000e+00
3.266040246325597962e+20 0.000000000000000000e+00
3.210708239780086415e+20 0.000000000000000000e+00
3.157154682527708611e+20 0.000000000000000000e+00
3.106025437855203983e+20 0.000000000000000000e+00
3.057958361444772741e+20 0.000000000000000000e+00
3.014103728412928246e+20 0.000000000000000000e+00
2.939993042779472855e+20 0.000000000000000000e+00
2.890019280132623237e+20 0.000000000000000000e+00
2.837852695083843912e+20 0.000000000000000000e+00
2.789597731716211671e+20 0.000000000000000000e+00
2.742775674879815516e+20 0.000000000000000000e+00
2.696326547038790615e+20 0.000000000000000000e+00
2.651388377658108477e+20 0.000000000000000000e+00
2.606926827413486633e+20 0.000000000000000000e+00
2.565390423418299679e+20 0.000000000000000000e+00
2.521910220371960136e+20 0.000000000000000000e+00
2.478870301516652872e+20 0.000000000000000000e+00
2.435368257296930243e+20 0.000000000000000000e+00
2.396649629690239058e+20 0.000000000000000000e+00
2.360376829635516498e+20 0.000000000000000000e+00
2.312823543872369132e+20 0.000000000000000000e+00
2.271549778080716554e+20 0.000000000000000000e+00
2.232800440456846377e+20 0.000000000000000000e+00
2.195949949383911342e+20 0.000000000000000000e+00
2.160020613218364948e+20 0.000000000000000000e+00
2.123992137370853704e+20 0.000000000000000000e+00
2.089217486868392509e+20 0.000000000000000000e+00
2.056086673609812869e+20 0.000000000000000000e+00
2.021095886366237000e+20 0.000000000000000000e+00
1.988589481359029043e+20 0.000000000000000000e+00
1.957279714696432517e+20 0.000000000000000000e+00
1.927089707861651948e+20 0.000000000000000000e+00
1.903956658118643876e+20 0.000000000000000000e+00
1.863425299074676818e+20 0.000000000000000000e+00
1.833876302311690732e+20 0.000000000000000000e+00
1.805843656929568358e+20 0.000000000000000000e+00
1.779284696518434161e+20 0.000000000000000000e+00
1.751537239183297741e+20 0.000000000000000000e+00
1.725412462291047219e+20 0.000000000000000000e+00
1.700145528696087511e+20 0.000000000000000000e+00
1.683483224323034317e+20 0.000000000000000000e+00
1.633654000236990956e+20 0.000000000000000000e+00
1.608797598878726554e+20 0.000000000000000000e+00
1.587898325146941522e+20 0.000000000000000000e+00
1.560673516585143173e+20 0.000000000000000000e+00
1.535663956511731548e+20 0.000000000000000000e+00
1.514071949315679519e+20 0.000000000000000000e+00
1.492489170811881062e+20 0.000000000000000000e+00
1.470703442522595656e+20 0.000000000000000000e+00
1.450742198782364221e+20 0.000000000000000000e+00
1.430599389131216978e+20 0.000000000000000000e+00
1.412482640884018053e+20 0.000000000000000000e+00
1.394756309010750833e+20 0.000000000000000000e+00
1.367052427693269975e+20 0.000000000000000000e+00
1.349700510194002330e+20 0.000000000000000000e+00
1.334684640345347195e+20 0.000000000000000000e+00
1.316364668679748813e+20 0.000000000000000000e+00
1.302033955209632481e+20 0.000000000000000000e+00
1.287999235774467932e+20 0.000000000000000000e+00
1.273252922484108820e+20 0.000000000000000000e+00
1.262414680449013350e+20 0.000000000000000000e+00
1.251182458925683343e+20 0.000000000000000000e+00
1.244002590591160320e+20 0.000000000000000000e+00
1.243961073492977746e+20 0.000000000000000000e+00
1.219782060589332234e+20 0.000000000000000000e+00
1.210802776833368392e+20 0.000000000000000000e+00
1.211055532418816573e+20 0.000000000000000000e+00
1.227039225184843858e+20 0.000000000000000000e+00
1.219956961458547098e+20 0.000000000000000000e+00
1.253772240800768000e+20 0.000000000000000000e+00
1.336152079503383429e+20 0.000000000000000000e+00
1.300397440181808005e+20 0.000000000000000000e+00
1.236717136480305480e+20 0.000000000000000000e+00
1.161762289154046853e+20 0.000000000000000000e+00
1.105633611342883717e+20 0.000000000000000000e+00
1.058350969844383089e+20 0.000000000000000000e+00
1.014717621323009393e+20 0.000000000000000000e+00
9.703495836292377805e+19 0.000000000000000000e+00
9.321454063870641766e+19 0.000000000000000000e+00
8.938248074586749338e+19 0.000000000000000000e+00
8.612538207978178150e+19 0.000000000000000000e+00
8.279881835090431181e+19 0.000000000000000000e+00
8.103937597417953690e+19 0.000000000000000000e+00
7.884799821696462029e+19 0.000000000000000000e+00
7.625823440752500736e+19 0.000000000000000000e+00
7.244142105143277978e+19 0.000000000000000000e+00
7.137880137612075008e+19 0.000000000000000000e+00
6.796073023623225344e+19 0.000000000000000000e+00
6.576541735986026906e+19 0.000000000000000000e+00
6.400870625240643994e+19 0.000000000000000000e+00
6.246495339084839322e+19 0.000000000000000000e+00
6.031622287982757478e+19 0.000000000000000000e+00
5.832762243194660454e+19 0.000000000000000000e+00
5.705508549840805888e+19 0.000000000000000000e+00
5.508813074123798938e+19 0.000000000000000000e+00
5.367640730537463808e+19 0.000000000000000000e+00
5.150973229716558643e+19 0.000000000000000000e+00
5.074617256188707635e+19 0.000000000000000000e+00
4.914071912995611443e+19 0.000000000000000000e+00
4.798094192542457856e+19 0.000000000000000000e+00
4.601105103547499315e+19 0.000000000000000000e+00
4.488584568683279974e+19 0.000000000000000000e+00
4.445013208231428096e+19 0.000000000000000000e+00
4.293597839156351795e+19 0.000000000000000000e+00
4.160276034241318093e+19 0.000000000000000000e+00
4.046565893277915546e+19 0.000000000000000000e+00
3.912240786668770918e+19 0.000000000000000000e+00
3.815771885949464576e+19 0.000000000000000000e+00
3.740741049913674957e+19 0.000000000000000000e+00
3.632845219179706368e+19 1.951889903833564000e+15
3.554682941567832474e+19 6.543634869125125000e+15
3.466641706412507955e+19 2.021191493751463040e+17
3.347644800897419264e+19 2.280678924609788480e+17
3.321842061228276122e+19 8.907048518494389760e+17
3.207336518432243712e+19 8.443789840627982080e+17
3.125891599917692109e+19 9.167264159190919680e+17
3.062739034532816896e+19 1.168650223855845376e+18
2.986882738726361907e+19 1.278269431973943296e+18
2.907671857447033242e+19 1.266301733832337664e+18
2.864290310179828941e+19 1.488188612334415360e+18
2.756211103975490355e+19 1.437667618625871360e+18
2.686253979900476211e+19 1.510877343606308352e+18
2.660953310823126630e+19 1.814522707116907520e+18
2.577785663012158259e+19 1.874774262082176512e+18
2.509361632663626138e+19 1.824263746619295488e+18
2.503950789874473779e+19 2.339684662280714240e+18
2.406287574219737088e+19 2.034048262971954176e+18
2.340348350340998758e+19 2.008874533875697408e+18
2.292921128307127910e+19 2.009693104840805376e+18
2.231146143632610099e+19 2.041760819913452032e+18
2.207862365151397069e+19 2.349793558144001024e+18
2.133891400418471117e+19 2.183935749303868672e+18
2.096142091435712512e+19 2.299212545451680256e+18
2.060838742876571648e+19 2.385450181724475392e+18
2.020718767471873229e+19 2.297369140040262400e+18
1.976618912571002470e+19 2.292947392993072640e+18
1.887934079016912077e+19 2.479587835467782656e+18
1.832791360237423002e+19 2.326002694462945792e+18
1.787510548228656128e+19 2.392432369554910208e+18
1.765040657882838426e+19 2.400344233291328512e+18
1.727494816162636186e+19 2.487562003452773376e+18
1.693167080429200794e+19 2.600686357592182784e+18
1.623047393960693760e+19 2.331805919889029120e+18
1.582461856614487450e+19 2.305251806581018112e+18
1.542478434172499354e+19 2.324810971128706048e+18
1.490245290840273510e+19 2.263768919365590784e+18
1.458051383310537114e+19 2.269847646167970560e+18
1.429564502606013235e+19 2.329619072671610880e+18
1.394799479901101875e+19 2.280608772206968064e+18
1.395672293899395277e+19 2.566854362836346880e+18
1.353737442131116032e+19 2.469716026780989440e+18
1.317240340257382400e+19 2.380274513045246464e+18
1.284920930036865638e+19 2.351752646103770624e+18
1.249964117934085734e+19 2.299583144879314944e+18
1.221828413364324352e+19 2.246294253239204608e+18
1.187987526968656486e+19 2.249595082311520512e+18
1.170564849137950106e+19 2.228859676510150400e+18
1.147853492473314509e+19 2.368644890269716480e+18
1.111669079834971955e+19 2.234484673770788352e+18
1.093911189384384307e+19 2.240293060765470208e+18
1.058584597055528550e+19 2.214769296420023808e+18
1.038887700017669120e+19 2.236858651215917312e+18
1.024069396889170534e+19 2.229052579388956928e+18
9.798305093995417600e+18 2.078129865466217472e+18
9.675323498163294208e+18 2.140120108150590976e+18
9.643954878801453056e+18 2.291905346798617600e+18
9.270664314150457344e+18 2.062651607862284032e+18
8.994399920005758976e+18 1.998792978759072768e+18
8.798622933847860224e+18 1.966115546567561728e+18
8.534054460115586048e+18 1.929278257172258560e+18
8.379840553231674368e+18 1.903047236493413888e+18
8.282267845066577920e+18 1.984997866815501568e+18
7.988743995956528128e+18 1.900673611517465600e+18
7.885857831756392448e+18 1.890098277631878656e+18
7.597723349570999296e+18 1.834424360054268416e+18
7.501886043442524160e+18 1.836156467632578304e+18
7.437782296295820288e+18 1.939122074139953920e+18
7.174009450958644224e+18 1.793028428468356864e+18
6.933951924300471296e+18 1.732194955062976512e+18
6.723257528857568256e+18 1.691500662070627584e+18
6.598979747986925568e+18 1.690464428617158144e+18
6.415472704050947072e+18 1.636541574414136064e+18
6.395123751653567488e+18 1.713184700675748096e+18
6.187182370599540736e+18 1.636762212452817664e+18
6.059250812199445504e+18 1.612422658930982144e+18
5.921849851797774336e+18 1.575314722070177792e+18
5.817501390907596800e+18 1.554163278423368960e+18
5.708401681352257536e+18 1.534205021178387456e+18
5.593628145562614784e+18 1.532816725756349696e+18
5.427359064796925952e+18 1.498852542323170048e+18
5.344666742618170368e+18 1.460159752395135232e+18
5.225171150739726336e+18 1.525553691414483968e+18
5.011698200550786048e+18 1.414889960504828928e+18
4.850600243943709696e+18 1.365939984571075840e+18
4.731592867869489152e+18 1.353051057357658880e+18
4.626937440479507456e+18 1.323618179078170112e+18
4.516486399877200384e+18 1.298316905762781440e+18
4.407757623368972288e+18 1.268951232332108032e+18
4.384704769061520384e+18 1.313586122095185920e+18
4.257171211587866624e+18 1.240784434480771328e+18
4.231081075533355008e+18 1.301131414556484608e+18
4.077085847599145472e+18 1.224526882023759872e+18
3.949439367518084096e+18 1.188118956313562624e+18
3.857278488262200832e+18 1.145232267186820608e+18
3.790931973193554944e+18 1.138881048974573312e+18
3.687779599204132864e+18 1.093664892969062784e+18
3.580123156966919680e+18 1.093409569417811072e+18
3.492017588174593536e+18 1.076142437548575616e+18
3.402446117665989632e+18 1.048964202403314304e+18
3.331473122133025792e+18 1.022009541137560320e+18
3.233609531989295104e+18 1.021314168535815680e+18
3.144225867227332608e+18 9.925481151918394880e+17
3.053573553578745344e+18 9.651721391084538880e+17
3.026722773603955200e+18 9.566895998249248000e+17
2.929532460384765440e+18 9.275131638338417920e+17
2.906351556736450560e+18 9.179883749109153280e+17
2.781316137595344384e+18 9.051769318956241920e+17
2.778671362043054592e+18 9.362008309665273600e+17
2.648463557927083008e+18 8.765969049961128960e+17
2.609764873195881472e+18 8.737671022509818880e+17
2.520833550593401856e+18 8.485888852238096640e+17
2.479648760239580672e+18 8.354088781740506880e+17
2.407345674704757760e+18 8.123215526056829440e+17
2.365446255715901440e+18 8.053369185917507840e+17
2.335053095830461440e+18 8.178884372598947840e+17
2.258638467964452864e+18 7.738793697420392960e+17
2.222541334300946944e+18 7.691903869913349120e+17
2.139552547119132672e+18 7.445010150943075840e+17
2.104971219082386176e+18 7.556664266996344320e+17
2.034747374975822080e+18 7.232277231963298560e+17
2.004402259800194048e+18 7.160803464388691200e+17
1.945986857682190336e+18 6.982826047110746880e+17
1.890638070444675840e+18 6.797690935904567040e+17
2.448219714011462144e+18 1.279489917479152640e+18
1.824908045750130432e+18 6.734347219862594560e+17
1.770136715671663104e+18 6.529116998659368960e+17
1.734514947770776832e+18 6.397270614390928640e+17
1.688639060331566336e+18 6.229526268371732480e+17
1.641336536552548608e+18 6.097576792932638720e+17
1.610506743684274432e+18 6.012186984161817600e+17
1.567286361598206720e+18 5.987254839656971520e+17
1.524606180186233088e+18 5.707524411746359040e+17
1.496744134959372544e+18 5.677678470340510720e+17
1.443028474069879296e+18 5.484951101319471360e+17
1.424556908876494336e+18 5.476005812049338880e+17
1.379765615202545664e+18 5.356387929232742400e+17
1.340868226577305088e+18 5.243697758372588160e+17
1.311856479234644224e+18 5.182917871074512640e+17
1.272342895088274432e+18 5.062633127829619840e+17
1.230636029428646912e+18 4.956144974296660480e+17
1.203905870738652416e+18 4.886683574307593600e+17
1.192688719000494848e+18 4.775270637201669120e+17
1.138223828000748928e+18 4.707583864466044160e+17
1.104695576213169920e+18 4.563894709634508800e+17
1.085602456717549440e+18 4.538326316297891840e+17
1.050534586795833216e+18 4.369803893025484160e+17
1.028538376942413312e+18 4.324416020206216320e+17
1.004517229378741632e+18 4.248323093142892800e+17
9.824461705294263040e+17 4.237184954307555200e+17
9.431631417718767360e+17 4.128147970750878080e+17
9.122841302670853120e+17 4.004631848081336960e+17
8.967317478220811520e+17 3.946592287255577600e+17
8.741177952656887040e+17 3.886574938365113600e+17
8.596855548148718080e+17 3.794143925658890880e+17
8.261825287408120320e+17 3.694524152892192640e+17
8.099385725613532160e+17 3.648720883616565120e+17
7.881543949241975040e+17 3.610002871529648000e+17
7.638988469680212480e+17 3.507872867110277760e+17
7.407933146810210560e+17 3.522384203145091840e+17
7.157039265537873920e+17 3.425187311886749440e+17
7.023280353928476160e+17 3.389692056963329920e+17
6.884513454392145920e+17 3.286553991350777600e+17
6.589434601671770880e+17 3.199368719439107840e+17
6.449496579273128960e+17 3.179986267841640960e+17
6.281364097614204160e+17 3.133018746002799360e+17
6.141813772093323520e+17 3.080668561621773440e+17
5.989407038167636480e+17 3.041907850537192320e+17
5.782035105391680000e+17 2.983887070665975040e+17
5.578936687804133120e+17 2.936041705536478720e+17
5.482387164651567360e+17 2.886828276961686400e+17
5.250318030466832000e+17 2.809889399458178880e+17
5.104834396925722880e+17 2.774243994947074560e+17
5.101160263501457280e+17 2.810740011631864640e+17
4.764681102800733440e+17 2.687183288699112640e+17
4.609914434768977280e+17 2.624834054299987840e+17
4.560096803107987840e+17 2.585700572523288640e+17
4.353528067418861440e+17 2.535017509123649280e+17
4.227258377252987520e+17 2.493878734229680640e+17
4.058803598239264640e+17 2.447930131953082880e+17
3.932131071082484480e+17 2.443300493941107200e+17
3.791141377362454400e+17 2.367465485838332800e+17
3.708861160746024320e+17 2.337101891237405760e+17
3.630450523892349440e+17 2.301736592025369920e+17
3.504686177956711040e+17 2.259473766440871680e+17
3.403655694030686720e+17 2.233575040097337600e+17
3.291961340059729280e+17 2.166591250398260800e+17
3.155375281184485120e+17 2.139737787859525760e+17
3.066026661602974720e+17 2.109539691444184960e+17
2.935053192851915520e+17 2.060490694070422400e+17
2.872470526270056320e+17 2.037783364974210560e+17
2.748562596618107840e+17 1.992655638430410880e+17
2.679254255688920960e+17 1.944567529839797760e+17
2.577951815247422720e+17 1.910892394616581120e+17
2.451285405051330880e+17 1.890156782153740480e+17
2.427605090711260800e+17 1.882082158626991040e+17
2.345866588179054080e+17 1.841815563284379840e+17
2.266759404592390080e+17 1.821371933828088960e+17
2.164968376064419520e+17 1.762313804415968320e+17
2.093026985938887680e+17 1.722196341444783360e+17
2.021598549154899520e+17 1.683414734395398720e+17
1.934697897727128960e+17 1.627943006164472960e+17
1.856419570704766720e+17 1.581534270223664320e+17
1.826003988653565760e+17 1.564995793922012480e+17
1.714594387835115840e+17 1.471530122864690240e+17
1.668835474985902720e+17 1.440310094103431520e+17
1.614153866854858880e+17 1.409393635587016320e+17
1.551663625541336960e+17 1.364912433937949280e+17
1.491221777674357760e+17 1.312824673760194240e+17
1.461923779209562560e+17 1.309059059166416160e+17
1.368461649649120480e+17 1.228604484560091360e+17
1.312408984160452480e+17 1.187746218838043520e+17
1.303891284044612640e+17 1.183767574749549280e+17
1.242264938363973920e+17 1.134851688144858080e+17
1.170631442615866720e+17 1.072515117074712160e+17
1.122432327601232320e+17 1.034365102829504640e+17
1.091006876577129920e+17 1.010372183716827200e+17
1.021129093552558240e+17 9.478229351607342400e+16
9.785103610736606400e+16 9.112739793417168000e+16
9.316054964527681600e+16 8.689306398939051200e+16
8.935787293217982400e+16 8.362888816073044800e+16
8.613470734341678400e+16 8.075830755061136000e+16
8.230818501852710400e+16 7.731615626291020800e+16
7.997603660505033600e+16 7.542666137647260800e+16
7.638884011087491200e+16 7.222784104415486400e+16
7.279378242876064000e+16 6.884969644133989600e+16
7.049783528439056000e+16 6.703287224841997600e+16
6.878766796129289600e+16 6.556050193817712800e+16
6.260879410354951200e+16 5.960765210857992000e+16
5.955562159926740800e+16 5.680410552334406400e+16
5.761460953973636000e+16 5.511660004291824000e+16
5.605910984136976800e+16 5.369393540727115200e+16
5.218649081701248000e+16 4.995661008253767200e+16
5.021904259371041600e+16 4.826153361342009600e+16
4.849296008726346400e+16 4.670787678632649600e+16
4.717918352174710400e+16 4.552306018013592000e+16
4.441585505028361600e+16 4.282560142191152800e+16
4.268764891297140800e+16 4.126028853626092800e+16
3.956071811998504000e+16 3.820573957919784000e+16
3.894610031477851200e+16 3.769292587995970400e+16
3.673431464791652800e+16 3.560991239720746000e+16
3.525377492191774800e+16 3.419266817981778000e+16
3.266484192760330400e+16 3.168644428729543200e+16
3.117050055351056800e+16 3.027063944216924400e+16
3.034048994553048000e+16 2.949928967697974000e+16
2.916877913664770400e+16 2.841589556737465600e+16
2.699143522653425200e+16 2.628930493178407200e+16
2.600013881421012400e+16 2.534869305742078800e+16
2.493395198575819200e+16 2.432644992598592800e+16
2.400971248437985600e+16 2.346169108882864000e+16
2.264930791083448000e+16 2.213344918956334400e+16
2.101509305223679200e+16 2.054546895174765200e+16
2.041880453009272000e+16 1.999605143598302000e+16
1.883737653345470800e+16 1.843371064020095200e+16
1.820817469982956800e+16 1.783143008557095200e+16
1.750888346000641200e+16 1.716306440086329600e+16
1.656071372825996000e+16 1.624060352265601400e+16
1.528741319883048600e+16 1.498732926556332800e+16
1.481254320748695000e+16 1.453946726167612400e+16
1.394522022771497600e+16 1.369641418078877800e+16
1.331250765617163200e+16 1.307481282853218200e+16
1.249756376934627600e+16 1.228266829289628000e+16
1.193791752320702000e+16 1.173008286606764600e+16
1.163899976686592200e+16 1.145682653694397400e+16
1.096091071105710800e+16 1.078935554397710200e+16
1.033234966291857400e+16 1.017684558648583200e+16
9.766089378178974000e+15 9.616471482548324000e+15
9.352852065877544000e+15 9.214699696280812000e+15
9.229230781384154000e+15 9.099625571079092000e+15
8.620387153759566000e+15 8.502077146402639000e+15
8.155874272773618000e+15 8.043972603628783000e+15
8.088910643708792000e+15 7.986949032956130000e+15
7.430937721586471000e+15 7.335853845646816000e+15
7.255468990350486000e+15 7.168034179405315000e+15
6.849074787040535000e+15 6.768317435322018000e+15
6.667623168981446000e+15 6.591625408444287000e+15
6.282434441575192000e+15 6.212037896710998000e+15
6.044322307361821000e+15 5.978138416750599000e+15
5.775743431187779000e+15 5.714056643008913000e+15
5.521554743586200000e+15 5.466517959617765000e+15
5.150239199940857000e+15 5.099159507514901000e+15
4.949167341345769000e+15 4.900207828907745000e+15
4.647730276344536000e+15 4.600152964533167000e+15
4.408023923809620500e+15 4.368965272579533000e+15
4.393414453467962000e+15 4.356186481823657500e+15
4.094518381921574500e+15 4.058936664415982000e+15
3.933751512737481500e+15 3.900261618509301500e+15
3.828536373755107500e+15 3.797463184490226500e+15
3.579843733125432000e+15 3.550813212284584000e+15
3.484436160871650000e+15 3.457025059853556000e+15
3.334095601064316500e+15 3.309436600842882500e+15
3.164321894320401500e+15 3.141196148913447000e+15
3.026811113412103500e+15 3.004867911925455000e+15
2.887826819170831500e+15 2.866734737595367500e+15
2.798294506288442000e+15 2.779303433942716500e+15
2.767002835158121000e+15 2.748836724607658000e+15
2.563513498099251500e+15 2.546150485188846500e+15
2.385163407301721500e+15 2.367987309804623500e+15
2.266983848291261000e+15 2.253344902841636000e+15
2.192951801266088000e+15 2.180138428900663500e+15
2.169294077884525000e+15 2.157343934809520000e+15
2.079200144711567750e+15 2.067890027249480000e+15
1.954818163247329500e+15 1.944272047905317000e+15
1.967808664408734000e+15 1.957607644533681750e+15
1.818380399001478750e+15 1.809137904209007000e+15
1.750730283132988250e+15 1.742315447578943000e+15
1.695054485999381250e+15 1.687050561999974500e+15
1.654454047727499750e+15 1.646922580270385250e+15
1.573843055946256500e+15 1.566880498415831750e+15
1.487212472547373250e+15 1.480952432923850750e+15
1.359079905381483000e+15 1.353104563458701500e+15
1.346210125558194250e+15 1.340739361121697500e+15
1.346543290331051000e+15 1.341364299332267750e+15
1.316626737843843000e+15 1.311835869381800250e+15
1.235733978288920750e+15 1.231119128115597000e+15
1.173388207323025500e+15 1.169006320815417000e+15
1.144822212614285750e+15 1.140713713602439250e+15
1.040089397644867750e+15 1.036466536306368750e+15
9.991491130765620000e+14 9.957195123816782500e+14
9.527184177714958750e+14 9.496439231770211250e+14
9.343189309121701250e+14 9.313483536723556250e+14
8.857372145101766250e+14 8.829444181606027500e+14
8.412107967111492500e+14 8.385663847974488750e+14
8.315747539883913750e+14 8.291318938737225000e+14
7.731804372323960000e+14 7.709068780458985000e+14
7.777744900519038750e+14 7.756515499740597500e+14
7.466724459439963750e+14 7.446174080716948750e+14
7.286979232391593750e+14 7.269327227221336250e+14
6.837716677638947500e+14 6.820082941894006250e+14
6.364685129436080000e+14 6.348318477974948750e+14
6.170207018319886250e+14 6.155811730690183750e+14
5.778855407255107500e+14 5.765222379454883750e+14
5.626634559281572500e+14 5.613753877482521875e+14
5.380310687335761875e+14 5.368526443728544375e+14
4.946298709844148750e+14 4.935437027105086250e+14
5.127416815141511875e+14 5.116921227238270625e+14
4.583331158438041250e+14 4.573385961586608750e+14
3.964043811168949375e+14 3.954655779570406875e+14
4.186488259170622500e+14 4.177774839534290000e+14
3.639587489191631875e+14 3.631321267231389375e+14
3.544163889011923125e+14 3.536415850083463125e+14
3.935425135536341250e+14 3.928330738640861875e+14
3.594054723305892500e+14 3.587657716307965000e+14
3.346905013886091875e+14 3.340719353835981250e+14
3.545362671860930625e+14 3.539495872469393750e+14
3.204265488632703750e+14 3.198540330640726250e+14
3.128738119942289375e+14 3.123510899101465000e+14
2.999024709103220625e+14 2.994169406481265625e+14
3.660176088627116250e+14 3.655647888532395000e+14
3.348012205827325000e+14 3.343905989643429375e+14
3.038517762901923750e+14 3.034685207530215000e+14
3.264936521702387500e+14 3.261372381258910625e+14
2.395545439050774375e+14 2.392133243707321875e+14
2.289835348761123125e+14 2.286656861923219375e+14
2.224969653172648438e+14 2.221681855613070625e+14
2.057459899596237500e+14 2.054678958582392812e+14
1.763007853231201562e+14 1.760417872695464688e+14
1.682381807436789062e+14 1.679893404375448125e+14
1.705156776484983125e+14 1.702915071296455312e+14
1.672096321845360625e+14 1.670003556101031250e+14
1.654144191649266875e+14 1.652138348547396250e+14
1.545334453050957188e+14 1.543511137827596250e+14
1.430599311142542188e+14 1.428952232797674688e+14
1.354645615043055000e+14 1.353072467820097969e+14
1.377331037924213594e+14 1.375764863035590781e+14
1.278930585013977031e+14 1.277515269719442969e+14
1.317730086515828438e+14 1.316375483149593906e+14
1.179564903621550156e+14 1.178291191825441719e+14
1.140092394348603594e+14 1.138888170822747500e+14
1.108791515655617344e+14 1.107602122965552812e+14
1.030598356301150312e+14 1.029559834649992969e+14
9.603720186739726562e+13 9.593935954543451562e+13
9.461103999738565625e+13 9.451283666492054688e+13
9.678323310859187500e+13 9.669953496800170312e+13
9.270094137689734375e+13 9.262488657567945312e+13
8.730640466345629688e+13 8.723423597696764062e+13
8.211755568167192188e+13 8.204675571238698438e+13
7.803395676295514062e+13 7.796987831586012500e+13
7.739945282668117188e+13 7.733979654037117188e+13
7.156398200682265625e+13 7.150655851276318750e+13
6.881512914320184375e+13 6.875663360117727344e+13
6.518311614292830469e+13 6.513240670494107031e+13
5.878080086468653125e+13 5.873721279486910938e+13
5.831982096098439844e+13 5.827737510159942969e+13
5.479951696150398438e+13 5.475900891683831250e+13
5.309007648970969531e+13 5.304860332432225781e+13
6.676433475398792969e+13 6.672454863624907812e+13
5.751224489883697656e+13 5.747014186649950000e+13
5.248155789104224219e+13 5.245028001119767188e+13
5.185924715047975000e+13 5.182979254918585938e+13
5.208391666855238281e+13 5.205781420481942969e+13
4.094468433907211719e+13 4.092088155261648438e+13
4.327651269746267969e+13 4.325211180081123438e+13
4.358160375389859375e+13 4.355866534614577344e+13
3.751130692127760156e+13 3.749048677218902344e+13
3.671209899405394531e+13 3.669131788100686719e+13
3.750943491058602344e+13 3.748915896648501562e+13
3.331191030583997656e+13 3.329577814061366797e+13
3.243679686979237891e+13 3.242149893583614062e+13
3.243549342800935156e+13 3.242049877268683984e+13
2.849590639287760547e+13 2.848111630855115234e+13
3.065610179880645312e+13 3.064278231472702734e+13
3.209911691582545312e+13 3.208665366103888672e+13
2.623281958519629688e+13 2.622065941462549219e+13
2.465878973801032422e+13 2.464682568739058984e+13
2.371260058964824609e+13 2.370070824543160547e+13
2.438222462437066016e+13 2.437077049805801953e+13
2.317087185757399609e+13 2.316166219925712891e+13
2.282549580842222656e+13 2.281641874039192188e+13
2.180577821553882812e+13 2.179643982666238281e+13
1.935751771270646484e+13 1.935002923620601172e+13
2.000479035998571484e+13 1.999770588891001562e+13
1.726056954989916211e+13 1.725353807977239258e+13
1.760644899871429297e+13 1.759993906433751172e+13
1.645565031926965234e+13 1.644950016122879883e+13
1.661919661763204102e+13 1.661329261232326172e+13
1.483123335343640234e+13 1.482594564138870898e+13
1.489210964176900586e+13 1.488723510309462891e+13
1.569829528974161133e+13 1.569361699894318359e+13
1.386687051749478125e+13 1.386256657954161328e+13
1.238931565988116992e+13 1.238448404821421094e+13
1.199602383463993164e+13 1.199194435630557812e+13
1.094241241994555664e+13 1.093852927117684961e+13
1.138509145828146289e+13 1.138152515014701172e+13
1.320580308265891992e+13 1.320266347161256836e+13
1.102283393707451367e+13 1.101948776017274219e+13
1.015872543880168750e+13 1.015552082739444531e+13
9.919308093028023438e+12 9.916503060156638672e+12
9.059601660773324219e+12 9.056662237840599609e+12
8.891016163194085938e+12 8.888407015412609375e+12
9.723201435261171875e+12 9.720699657315800781e+12
8.857160780445419922e+12 8.854709286290039062e+12
9.254779342192189453e+12 9.252736632332595703e+12
7.578690951452459961e+12 7.576831330061643555e+12
7.498721480335369141e+12 7.496869349185031250e+12
8.051987870180335938e+12 8.050256767497844727e+12
6.969102026855526367e+12 6.967538342801136719e+12
6.754884339645946289e+12 6.753323318467925781e+12
6.125975878535528320e+12 6.124646179735207031e+12
6.302763654494941406e+12 6.301495056661422852e+12
5.415203140351606445e+12 5.414177690868001953e+12
4.901913592793475586e+12 4.900895939352765625e+12
4.722192022081904297e+12 4.721206172883710938e+12
4.054039141467475098e+12 4.053076502313337891e+12
4.146359479934524902e+12 4.145357623435595215e+12
4.385763296874820312e+12 4.384891294962839844e+12
4.121440523845955078e+12 4.120672679527417480e+12
4.599408696484606445e+12 4.598653960990268555e+12
3.921057517746769531e+12 3.920363731900314941e+12
3.805997798990225586e+12 3.805442725986805176e+12
3.361742877407378906e+12 3.361219057700711914e+12
3.655559712016546387e+12 3.655066462220619629e+12
3.146702109282061035e+12 3.146238134072932617e+12
3.267386507142136719e+12 3.266925183999872559e+12
3.000229151428327637e+12 2.999757721600076172e+12
2.886409670101409668e+12 2.885947396891301758e+12
2.823595520749361328e+12 2.823206864987620605e+12
2.562335403199425781e+12 2.561955392489425293e+12
2.557361725118153320e+12 2.557032550535673828e+12
2.645257030667390625e+12 2.644931869242389648e+12
2.264319857988475098e+12 2.263989991944133789e+12
2.167104879155269287e+12 2.166857518309231689e+12
2.923703727985594238e+12 2.923449827017065430e+12
2.014578021557649902e+12 2.014329994442417480e+12
1.954804674695079834e+12 1.954583350262460693e+12
1.711515935638319336e+12 1.711291687256649658e+12
1.669946667228998291e+12 1.669732845156383545e+12
1.623592773112299805e+12 1.623374668094701416e+12
1.620788997098542236e+12 1.620557384206907959e+12
1.497094703607176270e+12 1.496923928371360596e+12
1.305103531707497803e+12 1.304950098491804199e+12
1.570908554053759277e+12 1.570753841010170898e+12
1.395734973212972168e+12 1.395602800279169922e+12
1.394690855551712402e+12 1.394567685560959961e+12
1.312096429471097168e+12 1.311973845567290771e+12
1.478087122964082764e+12 1.477967848712427002e+12
1.219537031296714355e+12 1.219422656262572998e+12
1.223297750173313965e+12 1.223181437724300781e+12
9.824903830812598877e+11 9.823808665868629150e+11
1.394860916479275146e+12 1.394758804803558350e+12
9.891305933280067139e+11 9.890157271445577393e+11
1.023526332956583496e+12 1.023437416775052856e+12
1.104882864996411133e+12 1.104793340482214844e+12
9.541063912910462646e+11 9.540278503272758789e+11
9.290931515401986084e+11 9.290162611217976074e+11
8.163429720195963135e+11 8.162563243729904785e+11
8.102790301865412598e+11 8.102160890906906738e+11
8.991113049775804443e+11 8.990437218406632080e+11
7.140265927288504639e+11 7.139691185022897949e+11
7.268253623914528809e+11 7.267772708097821045e+11
6.481021438767104492e+11 6.480552505059432373e+11
6.587252663122677002e+11 6.586807258001029053e+11
6.015739586305705566e+11 6.015248297630815430e+11
5.715986042099022217e+11 5.715612860067221680e+11
5.914581655308079834e+11 5.914227353508406982e+11
5.449219132363446045e+11 5.448870269709728394e+11
4.879482456563896484e+11 4.879183041402512207e+11
5.194776751672213135e+11 5.194485399383992310e+11
4.495764399020175781e+11 4.495484055485243530e+11
6.523194619759395752e+11 6.522939334251153564e+11
5.771627341101038818e+11 5.771372931823688965e+11
5.186834483269909668e+11 5.186563078724484253e+11
4.856358115635606079e+11 4.856110522702648315e+11
4.572048061369089966e+11 4.571811751978848267e+11
4.734159913418034668e+11 4.733928150441033325e+11
4.306987094777814941e+11 4.306715877352570801e+11
3.906838062212832031e+11 3.906601498766401367e+11
3.875971320009578247e+11 3.875765750968548584e+11
4.350526894852403564e+11 4.350371443136910400e+11
2.987195488239285889e+11 2.987048390696968994e+11
3.579507906949031372e+11 3.579358615464411011e+11
2.977624961916072388e+11 2.977481529927504883e+11
2.656969574741955872e+11 2.656826315593723450e+11
2.557185988040697937e+11 2.557049103184811707e+11
3.120829650157869263e+11 3.120677494001722412e+11
2.335439918483799438e+11 2.335221473111950378e+11
2.185909695980365601e+11 2.185797379840757751e+11
2.236503528793090515e+11 2.236402822782381592e+11
2.275838126611132812e+11 2.275738446695002136e+11
1.765417042058131409e+11 1.765319781663650818e+11
1.699294827481925659e+11 1.699189730529431458e+11
2.472809088515089417e+11 2.472709706489855347e+11
1.877064564990271301e+11 1.876954630921111450e+11
1.454206430660292053e+11 1.454078031419651489e+11
1.546313357749146118e+11 1.546201531962862549e+11
1.743932163443031311e+11 1.743857980097595825e+11
1.452158458987877502e+11 1.452080498696125183e+11
1.384401205116496582e+11 1.384355780118768311e+11
1.161974484561344604e+11 1.161930798834824371e+11
1.239150800757411346e+11 1.239105414774887390e+11
1.117228410246798706e+11 1.117181602356014709e+11
1.101957586601549530e+11 1.101901498826058960e+11
1.255702350639561005e+11 1.255664486774988861e+11
9.200489301762094116e+10 9.200211333530438232e+10
9.738446709316610718e+10 9.738156351138517761e+10
1.187907513359758148e+11 1.187881489051256714e+11
7.665704216999166870e+10 7.665453205303236389e+10
7.146426268635340881e+10 7.146176136047990417e+10
7.381052268776104736e+10 7.380793424911634827e+10
9.041064098367634583e+10 9.040832875026239014e+10
7.179380609666836548e+10 7.179146474213478088e+10
7.166639636335113525e+10 7.166388498531114197e+10
6.584001651235592651e+10 6.583667718349794769e+10
7.092490468524624634e+10 7.092300492089195251e+10
6.048549359266815948e+10 6.048354125394107056e+10
5.993510531579592896e+10 5.993323819864324951e+10
6.425313518079586029e+10 6.425143208902733612e+10
5.649498902690093994e+10 5.649322992073495483e+10
7.257049615791584778e+10 7.256860670584390259e+10
5.755019384343736267e+10 5.754886022830030060e+10
6.477883312599846649e+10 6.477769468325097656e+10
4.830131261427427673e+10 4.830015287927856445e+10
3.697764931784114838e+10 3.697651504626617432e+10
4.808683754113590240e+10 4.808552243352973175e+10
2.252357602406253967e+11 2.252348910533898010e+11
1.669306253762995605e+11 1.669297257375323181e+11
1.635303759312848511e+11 1.635294854691942444e+11
2.278395555280520630e+11 2.278386576987517395e+11
3.214843959913470840e+10 3.214749610877718735e+10
3.114811245799421692e+10 3.114670601554080963e+10
2.686003970958585739e+10 2.685931504392021942e+10
3.099154014132201767e+10 3.099090641160528183e+10
3.135947699107961655e+10 3.135875322549547958e+10
3.456606693524010468e+10 3.456562460928100586e+10
4.730701259593422699e+10 4.730656057317881012e+10
3.868627163719696045e+10 3.868584637479447937e+10
2.845004011786218262e+10 2.844957707023214722e+10
3.101552283784629440e+10 3.101511672437238312e+10
2.632183880961138916e+10 2.632139966426163101e+10
2.726908618377949524e+10 2.726869344690547180e+10
2.893581041858682632e+10 2.893538862984206390e+10
3.906465700116650391e+10 3.906429090969354248e+10
2.593862709770193481e+10 2.593823073081473160e+10
2.609574899150088501e+10 2.609535975184135056e+10
2.708527834804471970e+10 2.708481748946544266e+10
2.452801032452267075e+10 2.452751641798927689e+10
2.307170329404097366e+10 2.307141741258959961e+10
1.734624978534367752e+10 1.734600419383116913e+10
1.645238431074799919e+10 1.645211935682670212e+10
1.644236574031564522e+10 1.644212127681931496e+10
1.460980608639085579e+10 1.460950670819055557e+10
2.720558155625166321e+10 2.720542089022869110e+10
2.242119319924969864e+10 2.242099811271397018e+10
1.694359085616468239e+10 1.694343427873021698e+10
1.565651438542181778e+10 1.565630295812601662e+10
1.537216640782019806e+10 1.537200958576360893e+10
1.580207263675451660e+10 1.580192271724140549e+10
1.828385868652473068e+10 1.828368174702930069e+10
1.191859882691995430e+10 1.191835428277748108e+10
1.187488503419612122e+10 1.187476594302445412e+10
1.231398432197218895e+10 1.231385651940849876e+10
2.303136338289993286e+10 2.303128180975026703e+10
1.895488509653315735e+10 1.895481792030614853e+10
1.211791335319844246e+10 1.211784323819161415e+10
1.567936595346085548e+10 1.567927270519899178e+10
8.620779394614332199e+09 8.620770708605884552e+09
7.857035763341156006e+09 7.857019807605959892e+09
7.455841937086999893e+09 7.455841936892086983e+09
7.227241284550732613e+09 7.227241284550624847e+09
7.838526857646993637e+09 7.838526857646993637e+09
6.311672857256921768e+09 6.311672857256921768e+09
5.839863600195526123e+09 5.839863600195526123e+09
5.665401161217224121e+09 5.665401161217224121e+09
5.779162347090366364e+09 5.779162347090366364e+09
5.414199086637327194e+09 5.414199086637327194e+09
1.400955153176863098e+10 1.400955153176863098e+10
9.934747862378227234e+09 9.934747862378227234e+09
6.997996896033159256e+09 6.997996896033159256e+09
6.624161472475263596e+09 6.624161472475263596e+09
5.808828028383955956e+09 5.808828028383955956e+09
5.718497785258487701e+09 5.718497785258487701e+09
6.310233549906875610e+09 6.310233549906875610e+09
5.438725507356592178e+09 5.438725507356592178e+09
5.269433005304484367e+09 5.269433005304484367e+09
4.472921549122642517e+09 4.472921549122642517e+09
4.799210829473011971e+09 4.799210829473011971e+09
5.469482781956038475e+09 5.469482781956038475e+09
3.886512521759305000e+09 3.886512521759305000e+09
4.138334466548655033e+09 4.138334466548655033e+09
4.594066813733974457e+09 4.594066813733974457e+09
7.350862075071389198e+09 7.350862075071389198e+09
2.329597424485739231e+09 2.329597424485739231e+09
2.725603471555447578e+09 2.725603471555447578e+09
2.237540642961850643e+09 2.237540642961850643e+09
2.439271436706607819e+09 2.439271436706607819e+09
3.218343043153438568e+09 3.218343043153438568e+09
2.792738048349827766e+09 2.792738048349827766e+09
4.347582453460347176e+09 4.347582453460347176e+09
2.503908745322945595e+09 2.503908745322945595e+09
1.161325065197759390e+09 1.161325065197759390e+09
3.013517651504772902e+08 3.013517651504772902e+08
6.020878359165849537e+07 6.020878359165849537e+07
9.949366524750375748e+07 9.949366524750375748e+07
6.852397769846825860e+06 6.852397769846825860e+06
1.121807978472977877e+07 1.121807978472977877e+07
1.548517241283542172e-21 1.548452444318389185e-21
1.491648130868376689e-21 1.491581443198608339e-21
2.502229600333358363e-21 2.502167769707685325e-21
1.678991903492619116e-21 1.678913984356640423e-21
1.652252767642097830e-21 1.652198228947469719e-21
1.645494489660371437e-21 1.645440649812929208e-21
1.485441608307326204e-21 1.485382620741094423e-21
1.462970706356305768e-21 1.462920385719024123e-21
1.499119168443512446e-21 1.499073122182316219e-21
1.445805173604066186e-21 1.445763154789721985e-21
1.632088911346270402e-21 1.632046357675389171e-21
1.693873296384735497e-21 1.693834852725875585e-21
1.488737581696256135e-21 1.488701905236278329e-21
1.353538192873565033e-21 1.353501048396361862e-21
1.245415253184124594e-21 1.245374607613421844e-21
1.200682481095271592e-21 1.200648845218549707e-21
1.136980311273025142e-21 1.136946470624018996e-21
1.971370487937760078e-21 1.971338482730376615e-21
1.156493014295729813e-21 1.156460151503406924e-21
1.181008602127783091e-21 1.180976383829697998e-21
1.004853727863533945e-21 1.004822926695378572e-21
9.011778132777217651e-22 9.011507178936881687e-22
1.097501956538026453e-21 1.097470562648753260e-21
1.058154145477633628e-21 1.058130683358577195e-21
9.051249162464394126e-22 9.051005710622070108e-22
1.076683023014392768e-21 1.076661159472066202e-21
1.022867802385126057e-21 1.022842906962065689e-21
7.955069083048922323e-22 7.954852862468677521e-22
7.016093053300441093e-22 7.015886284333911988e-22
6.738561430955574083e-22 6.738395729927703248e-22
6.570663641638656062e-22 6.570501370087747198e-22
8.303993902885065912e-22 8.303805005441717240e-22
6.719995110154868821e-22 6.719831048772924540e-22
6.310141998521270901e-22 6.309999507892805085e-22
6.954008365964482040e-22 6.953878294556250524e-22
7.536413149574550372e-22 7.536274182102902724e-22
6.901657633120486132e-22 6.901522815024267297e-22
6.510476734999935786e-22 6.510341273682456971e-22
8.713403934956080235e-22 8.713267352241867017e-22
7.170255723675592026e-22 7.170150405598017920e-22
6.645103744883512323e-22 6.644993192094580711e-22
6.216214509776899344e-22 6.216122075710190421e-22
6.092088756437687228e-22 6.091994523321949408e-22
5.690021837449138319e-22 5.689911895940921021e-22
5.584942075701099205e-22 5.584850189493953171e-22
5.570532022820248753e-22 5.570450150023409083e-22
5.959752645493015515e-22 5.959678291997018473e-22
5.157222765484904823e-22 5.157145152260396202e-22
5.207003796926608192e-22 5.206916021333733056e-22
4.385504668573222478e-22 4.385425887568276698e-22
3.978693338513578662e-22 3.978634714999598477e-22
7.600140466244627666e-22 7.600079230940120567e-22
3.684265889800156592e-22 3.684187292768667229e-22
3.831178991336541684e-22 3.831118791377305008e-22
3.263786222425701517e-22 3.263720019790823659e-22
3.174016553365924088e-22 3.173969116021294384e-22
3.165278780396772672e-22 3.165235782146759325e-22
3.232803456273083256e-22 3.232761993230725383e-22
4.486452175845600494e-22 4.486408987913080045e-22
2.751950687130642681e-22 2.751913342949528317e-22
2.750403019358113871e-22 2.750362917687701868e-22
4.123537062383200526e-22 4.123501856912106388e-22
2.985347425781328936e-22 2.985311191220997031e-22
2.828743223078589158e-22 2.828702096891004447e-22
2.787838769928719864e-22 2.787806435149291472e-22
2.985124910673989999e-22 2.985095648478895672e-22
2.522728803358428077e-22 2.522699066322780529e-22
2.490441870391694087e-22 2.490412498248171169e-22
2.476362610305823084e-22 2.476335413599617293e-22
2.167983823878623873e-22 2.167957755017737699e-22
2.281520647320797930e-22 2.281494403980418689e-22
1.959271609831880075e-22 1.959246023090538926e-22
1.968954647831228998e-22 1.968929290339638477e-22
1.953574037077483492e-22 1.953548762563075996e-22
1.814790357861211522e-22 1.814764122643358596e-22
1.871249850576341055e-22 1.871220849038160110e-22
1.597518731648058524e-22 1.597494178552732191e-22
1.624557796543615895e-22 1.624528048243432854e-22
1.717192321889157023e-22 1.717167972410633015e-22
1.558627566315275015e-22 1.558604485054495420e-22
1.412598437296510409e-22 1.412580285086494558e-22
1.643154119401987025e-22 1.643135329786522626e-22
1.208446858091760909e-22 1.208425539904123389e-22
1.213662130192343445e-22 1.213645834362809826e-22
1.348122196455817801e-22 1.348107960065462360e-22
1.151236046959449799e-22 1.151221753227890532e-22
1.098919152654288186e-22 1.098903287487973605e-22
1.095074992717524125e-22 1.095063531854310527e-22
1.113647224660987329e-22 1.113635799187029863e-22
1.086843763782463221e-22 1.086832268467933600e-22
1.118271546049067264e-22 1.118259919270488404e-22
1.240925267091757177e-22 1.240913290868082246e-22
1.131476364064145880e-22 1.131463685059246039e-22
1.974738833577047871e-22 1.974726284960009151e-22
9.705597266311004099e-23 9.705489360939896429e-23
9.399778302136509223e-23 9.399679480924412115e-23
7.915149632986303671e-23 7.915052907770632278e-23
6.706727885388874739e-23 6.706626046046994143e-23
7.784747938877078910e-23 7.784631265992820925e-23
1.216312711512200431e-22 1.216302578738846585e-22
1.817512185893220691e-22 1.817504017278341608e-22
1.175024892027460928e-22 1.175015685262506198e-22
9.957547337284086168e-23 9.957478813998990359e-23
9.124769931430510860e-23 9.124701607233012252e-23
8.480521624645209636e-23 8.480440766573698712e-23
8.332886066159458613e-23 8.332815749826620951e-23
7.623470231570982549e-23 7.623424682960440525e-23
6.766700729352228107e-23 6.766654605581691250e-23
6.303864611393074100e-23 6.303810913536484765e-23
6.020359253928370767e-23 6.020314388421974583e-23
5.856451425145133213e-23 5.856404575682439473e-23
5.572236829151163174e-23 5.572190396294700556e-23
5.408771627711379461e-23 5.408718303511618572e-23
5.257280960768083263e-23 5.257249750451566723e-23
5.156584381746537823e-23 5.156552449488718174e-23
5.135676701245310461e-23 5.135645585104561798e-23
4.926375091916032147e-23 4.926346490941762854e-23
5.122729843249932761e-23 5.122701265966193403e-23
4.365357750873514088e-23 4.365328408086852092e-23
4.521716075937066762e-23 4.521686056121837331e-23
3.942732826277746902e-23 3.942702048658093066e-23
3.744561187201269119e-23 3.744504475018103061e-23
3.617598072927322920e-23 3.617567375277086383e-23
3.540209578133700971e-23 3.540161555740408413e-23
3.479146160726274839e-23 3.479121229122179787e-23
3.349215498343839026e-23 3.349179520013008723e-23
3.284067799159943090e-23 3.284051053254678701e-23
3.225843135544525923e-23 3.225826309890686121e-23
3.169246634880788015e-23 3.169229481189728389e-23
3.132851682045716661e-23 3.132832530556883524e-23
3.119092753656404023e-23 3.119075992271798616e-23
3.147797139178955689e-23 3.147779206205640567e-23
3.180241452354869671e-23 3.180226096983419543e-23
2.697723951548589060e-23 2.697706330910781538e-23
2.660303100589905238e-23 2.660292480261247304e-23
2.628796692508790224e-23 2.628786226199264031e-23
2.613927492421143068e-23 2.613917118606780186e-23
2.621716698134292543e-23 2.621706371036058222e-23
2.690110758705232852e-23 2.690100373139420030e-23
2.485990214723725330e-23 2.485980157213472102e-23
2.576397634515666090e-23 2.576387562112234453e-23
2.511837601165762551e-23 2.511827268903329403e-23
2.537680370706687865e-23 2.537669460247212712e-23
2.837262812345931394e-23 2.837243150272006316e-23
2.799898763254877378e-23 2.799890213630532970e-23
1.900683447123552405e-23 1.900675017224585978e-23
1.916498389378093480e-23 1.916487722624858972e-23
1.948041710801759443e-23 1.948035119682372051e-23
2.147608732455092938e-23 2.147602202871039833e-23
1.553665587927439945e-23 1.553659001814799202e-23
1.554718527652735634e-23 1.554712383697205062e-23
1.545988703720162915e-23 1.545982627495257085e-23
1.555333329338985828e-23 1.555327291920405519e-23
1.578518326926795723e-23 1.578512472309509712e-23
1.622730567684452107e-23 1.622724749399205020e-23
1.706766614267218527e-23 1.706760794876034911e-23
1.872612894143571221e-23 1.872606986758767273e-23
2.488222502317308420e-23 2.488215408745823534e-23
9.459304472698014194e-24 9.459249553463123772e-24
9.435881683286336152e-24 9.435823019287833584e-24
9.685661513378011096e-24 9.685613510401548331e-24
1.029637635665708278e-23 1.029632788896631986e-23
8.270348014225451834e-24 8.270296153252364444e-24
1.153053502708919330e-23 1.153049324777902175e-23
1.032823755364370917e-23 1.032819423833379502e-23
9.985886241536303319e-24 9.985846048278334188e-24
1.009481705424185041e-23 1.009477729656061374e-23
1.268943253788930983e-23 1.268939304195181060e-23
7.587075131482951092e-24 7.587035832166427568e-24
7.441367653542804528e-24 7.441330007608497340e-24
7.333597965309317728e-24 7.333560634351447520e-24
7.265004182458641454e-24 7.264967116487411066e-24
7.242947573413786569e-24 7.242910662006677372e-24
7.295117643989602347e-24 7.295080772109977697e-24
7.552680146814626152e-24 7.552643161842529658e-24
6.638226076998076875e-24 6.638188764687022127e-24
6.726883551485629138e-24 6.726845584872789626e-24
6.708811116441181671e-24 6.708771921846700674e-24
6.843112851345681149e-24 6.843071480865643108e-24
7.081816280393734820e-24 7.081769545069920069e-24
7.380343555094786330e-24 7.380258921967855332e-24
8.003640361543399059e-24 8.003614804580321038e-24
9.266153690386275139e-24 9.266130727363096170e-24
1.022976679302882621e-23 1.022974387961320155e-23
2.396505037742850838e-24 2.396482073677732411e-24
2.353161401658267327e-24 2.353138232307210174e-24
2.316284862182082418e-24 2.316261181949294314e-24
2.283737592478005709e-24 2.283713290012382589e-24
2.256176236722378815e-24 2.256149434473857533e-24
2.234793454621269957e-24 2.234774263199816161e-24
2.222134498302198591e-24 2.222114848071028433e-24
2.226828906965194409e-24 2.226808121047206647e-24
2.263967915855274928e-24 2.263941660677530659e-24
2.095035609724859353e-24 2.095020540474702420e-24
2.104273207691983341e-24 2.104258108074572607e-24
2.134211114836154616e-24 2.134195862759847851e-24
2.206611627540921716e-24 2.206596679834923092e-24
2.408441965507158860e-24 2.408426790765793773e-24
1.625515466451657192e-24 1.625499887935400701e-24
1.627166774401878368e-24 1.627150471477422724e-24
1.657738450270907217e-24 1.657720689070921488e-24
1.572075194536562610e-24 1.572053071361258799e-24
1.586234193195213705e-24 1.586224576245940117e-24
1.619647727778199937e-24 1.619638005835180976e-24
1.699529426367346219e-24 1.699519469101509808e-24
1.758165078781051657e-24 1.758154593664679674e-24
1.315439683098410614e-24 1.315427353586510428e-24
1.344610911761254675e-24 1.344601773006023024e-24
1.411038769045782148e-24 1.411027147550072289e-24
1.656575067870291661e-24 1.656569250814161083e-24
1.311936935300556398e-24 1.311931197171882429e-24
9.578905904497091218e-25 9.578849113155240363e-25
9.486357838584148270e-25 9.486301127614971431e-25
9.527937803423181498e-25 9.527874909795225829e-25
9.625980631656232556e-25 9.625928877714833157e-25
9.804173195680502297e-25 9.804122249805327393e-25
1.012190734670733151e-24 1.012185716795840528e-24
1.070695404640360446e-24 1.070690459226749495e-24
1.199350555221968783e-24 1.199345677749675829e-24
1.784145135008969641e-24 1.784140321224450561e-24
5.954070234532192213e-25 5.954022678801060956e-25
5.960732147430788942e-25 5.960685113991006986e-25
6.011444899896668046e-25 6.011398254137822238e-25
6.109807991715940854e-25 6.109761882711217152e-25
5.926249290635830977e-25 5.926203505968835964e-25
5.972993739671121242e-25 5.972948176978947268e-25
6.112110766332438241e-25 6.112065284612048265e-25
6.281610026776341501e-25 6.281564419297345114e-25
6.586623452498720557e-25 6.586577252764018237e-25
7.091339231370925108e-25 7.091291964266136405e-25
8.045302388037312792e-25 8.045258119209309577e-25
1.060205311287163936e-24 1.060201120381763543e-24
1.796608574342644412e-24 1.796604357812332077e-24
2.221415130907416442e-25 2.221372508087733481e-25
2.207608421690222826e-25 2.207565065135219337e-25
2.205775948679833367e-25 2.205731456396869789e-25
2.231530106652356524e-25 2.231483839027718625e-25
2.427906536040436629e-25 2.427857347604513864e-25
2.043031928306792166e-25 2.042977301249829067e-25
2.225401252847241692e-25 2.225332620645630045e-25
1.880212196880596803e-25 1.880191071444036665e-25
1.867374831943097188e-25 1.867353738287014745e-25
1.857944692955561832e-25 1.857923572742676577e-25
1.852419255376342587e-25 1.852398032803706298e-25
1.851469646190774651e-25 1.851448223812977083e-25
1.856021302202218363e-25 1.855999527083607357e-25
1.867385928748273868e-25 1.867363553007304254e-25
1.887489375613337130e-25 1.887465903545328930e-25
1.919290430179539607e-25 1.919264407001728433e-25
1.967655504659111418e-25 1.967584308298602426e-25
2.041010205371649104e-25 2.040993146653021468e-25
2.157001705997371994e-25 2.156984340406089210e-25
2.345380889293155427e-25 2.345363097852403957e-25
2.688991102890998058e-25 2.688972697434832942e-25
3.909399816000646329e-25 3.909380517901001040e-25
7.574889597130436891e-26 7.574683382558431835e-26
7.532242547562341248e-26 7.532014508116066571e-26
7.504677556173787535e-26 7.504407490707449879e-26
7.496875471573858515e-26 7.496478338952361242e-26
7.521762810469181568e-26 7.521718916316413091e-26
7.771066922039336564e-26 7.771023382290217007e-26
7.441712438244892590e-26 7.441669184915594681e-26
7.505690746432531747e-26 7.505647724804840382e-26
7.609230506141520760e-26 7.609187608626040254e-26
7.772244928183085184e-26 7.772202033422527217e-26
8.040960412572044720e-26 8.040917346093601727e-26
8.573145812157823016e-26 8.573102282944429736e-26
1.137624279667354158e-25 1.137619817227930119e-25
7.074547788506112630e-26 7.074499461040908722e-26
7.311051671151571694e-26 7.311013111340631464e-26
7.630451448921223636e-26 7.630412731666073862e-26
8.071104938905714291e-26 8.071065953281930289e-26
8.702547608204444346e-26 8.702508220923580338e-26
9.667543559630932978e-26 9.667503606997158377e-26
1.132337952462751610e-25 1.132333880046769806e-25
1.497385778124964786e-25 1.497381601803955772e-25
3.981633977883805742e-25 3.981629661663391385e-25
9.511403662783695517e-28 9.506897133927259733e-28
1.963256443888709483e-29 1.915531727017294662e-29
1.919480150994995773e-29 1.867875691362935971e-29
1.879165128571219865e-29 1.821457130987943430e-29
1.845010378770459341e-29 1.776243870839298921e-29
1.829123884457271569e-29 1.732204584690575108e-29
1.692049903420055453e-29 1.689308778871178147e-29
1.650220605722715758e-29 1.647526756203099334e-29
1.609478072952675583e-29 1.606829588481749792e-29
1.569794183285242324e-29 1.567189134915545230e-29
1.531141535256598967e-29 1.528577965115211188e-29
1.493493481366955274e-29 1.490969388684552609e-29
1.456824044644235354e-29 1.454337417166359467e-29
1.421108050667702554e-29 1.418656741809131512e-29
1.386320917736049035e-29 1.383902719327979828e-29
1.352438779422513356e-29 1.350051367914289048e-29
1.319438417716722299e-29 1.317079321844153761e-29
1.287297289137302566e-29 1.284963848148087161e-29
1.255993493346465459e-29 1.253682802281515294e-29
1.225505787196873800e-29 1.223214623596021587e-29
1.195813612230811696e-29 1.193538335885434676e-29
1.166897102257478417e-29 1.164633514335140128e-29
1.138737109913606422e-29 1.136480253204460698e-29
1.111315356903408426e-29 1.109059208593385690e-29
1.084614516601881087e-29 1.082351523437278361e-29
1.058618538387485711e-29 1.056338851742357801e-29
1.033313188838382052e-29 1.031003342157464847e-29
1.008687169021937452e-29 1.006327600558554546e-29
9.847348231937774409e-30 9.822947174447290948e-30
9.614634383109530966e-30 9.588882169773121542e-30
9.389194059141659960e-30 9.360920825841749862e-30
9.173411481795861626e-30 9.138907021162049486e-30
8.933853259847175857e-30 8.922689082554731135e-30
8.723147856191877855e-30 8.712119267805136740e-30
8.517956047574617316e-30 8.507053844277354263e-30
8.318138380727424584e-30 8.307353028235846006e-30
8.123559107960857840e-30 8.112880667746202058e-30
7.934086454825896660e-30 7.923504495384915787e-30
7.749592233543006345e-30 7.739095722958627775e-30
7.569952009562212401e-30 7.559529182279839117e-30
7.395044925438086443e-30 7.384683114932511649e-30
7.224753567797312529e-30 7.214438988353136892e-30
7.058964340570474977e-30 7.048681787695129405e-30
6.897567188813920526e-30 6.887299578120405753e-30
6.740456023000783012e-30 6.730183471162990311e-30
6.587531611432035139e-30 6.577227831961566081e-30
6.438652909630072366e-30 6.428329944208541034e-30
6.293788016651376838e-30 6.283390033493105638e-30
6.152815070343970404e-30 6.142311102991547724e-30
6.015650967695816571e-30 6.004999179078782839e-30
5.882212241300486297e-30 5.871362842002373605e-30
5.752423785705717287e-30 5.741313550528104808e-30
5.626219205435623124e-30 5.614765370182723622e-30
5.503544816194481649e-30 5.491634943976862320e-30
5.384367571231148650e-30 5.371841589415064439e-30
5.268691498003646571e-30 5.255307008702537169e-30
5.156598680393129834e-30 5.141955589901762226e-30
5.048368460418163634e-30 5.031714124670158300e-30
4.944955996033867437e-30 4.924511772646844298e-30
4.851751546674840974e-30 4.820280206352428671e-30
4.718980194055089986e-30 4.718953538651871312e-30
4.620472035641158431e-30 4.620468150880065220e-30
4.524766743441006880e-30 4.524762932398349885e-30
4.431782886889317233e-30 4.431779147240603645e-30
4.341464129266059797e-30 4.341460458719964839e-30
4.253756353664942322e-30 4.253752749960273339e-30
4.168608177202420634e-30 4.168604638104745568e-30
4.085970474656323893e-30 4.085966997954568929e-30
4.005796620038844172e-30 4.005793203541438767e-30
3.928042669332249629e-30 3.928039310863216190e-30
3.852667060083666697e-30 3.852663757478106296e-30
3.779631151720498310e-30 3.779627902819780728e-30
3.708898924157919154e-30 3.708895726804278072e-30
3.640437306780791285e-30 3.640434158811254560e-30
3.574216220447038384e-30 3.574213119686536464e-30
3.510208908367561288e-30 3.510205852620812992e-30
3.448391789658975845e-30 3.448388776701042911e-30
3.388744938776095093e-30 3.388741966340759810e-30
3.331252376843549640e-30 3.331249442608510128e-30
3.275902152454556224e-30 3.275899254021498570e-30
3.222686849765716331e-30 3.222683984630904835e-30
3.171604044340344105e-30 3.171601209844587219e-30
3.122656771767347231e-30 3.122653964991148557e-30
3.075854085534352656e-30 3.075851302991802547e-30
3.031211760319503187e-30 3.031208996285152905e-30
2.988753104622888200e-30 2.988750375253701332e-30
2.948510476912805471e-30 2.948507764370708339e-30
2.910525452331590667e-30 2.910522753071948358e-30
2.874851439198556238e-30 2.874848749321240534e-30
2.841554862285958958e-30 2.841552177434352903e-30
2.810717489358376356e-30 2.810714804566833807e-30
2.782439256705872475e-30 2.782436566136950119e-30
