3.136120372828224593e+24 0.000000000000000000e+00
3.153634977187862543e+24 0.000000000000000000e+00
3.138573738398180172e+24 0.000000000000000000e+00
3.370329400713436549e+24 0.000000000000000000e+00
2.944274737484520218e+24 0.000000000000000000e+00
2.751514080063023575e+24 0.000000000000000000e+00
2.729962837502015199e+24 0.000000000000000000e+00
2.704637082836519415e+24 0.000000000000000000e+00
2.599137521722342785e+24 0.000000000000000000e+00
2.551878631443751011e+24 0.000000000000000000e+00
2.534965633613009701e+24 0.000000000000000000e+00
2.551376708664717656e+24 0.000000000000000000e+00
2.536088495479851879e+24 0.000000000000000000e+00
2.631158581916157786e+24 0.000000000000000000e+00
2.235631568193484002e+24 0.000000000000000000e+00
2.214723112192218812e+24 0.000000000000000000e+00
2.124043732083344698e+24 0.000000000000000000e+00
2.084238532076091352e+24 0.000000000000000000e+00
2.072211047488099296e+24 0.000000000000000000e+00
2.110982201285832956e+24 0.000000000000000000e+00
1.970249894662257773e+24 0.000000000000000000e+00
1.953485081137484489e+24 0.000000000000000000e+00
1.941202623299569286e+24 0.000000000000000000e+00
1.920694498583856726e+24 0.000000000000000000e+00
1.896074279927187470e+24 0.000000000000000000e+00
1.893520939096127603e+24 0.000000000000000000e+00
1.897244989945367168e+24 0.000000000000000000e+00
1.941737023962743631e+24 0.000000000000000000e+00
1.876433771714153229e+24 0.000000000000000000e+00
1.885468975722438146e+24 0.000000000000000000e+00
1.978767117109908958e+24 0.000000000000000000e+00
3.251427182708188521e+24 0.000000000000000000e+00
1.886919964500672354e+24 0.000000000000000000e+00
1.296671131087110616e+24 0.000000000000000000e+00
1.277130474441120313e+24 0.000000000000000000e+00
1.258786881183784093e+24 0.000000000000000000e+00
1.242343459867815672e+24 0.000000000000000000e+00
1.227343890856786216e+24 0.000000000000000000e+00
1.219596127419901653e+24 0.000000000000000000e+00
1.191610870618898592e+24 0.000000000000000000e+00
1.177873589281653246e+24 0.000000000000000000e+00
1.170566046884371045e+24 0.000000000000000000e+00
1.158500976662668695e+24 0.000000000000000000e+00
1.147222116362521521e+24 0.000000000000000000e+00
1.150906527803213389e+24 0.000000000000000000e+00
1.240474113956871976e+24 0.000000000000000000e+00
1.117267355960607072e+24 0.000000000000000000e+00
1.105188588769728772e+24 0.000000000000000000e+00
1.068076155713537524e+24 0.000000000000000000e+00
1.103675370646699954e+24 0.000000000000000000e+00
9.103908124441191352e+23 0.000000000000000000e+00
9.008058493270703787e+23 0.000000000000000000e+00
8.833220444107381953e+23 0.000000000000000000e+00
8.685919127740285117e+23 0.000000000000000000e+00
8.929645754934832210e+23 0.000000000000000000e+00
8.269492953475529363e+23 0.000000000000000000e+00
8.164544051127696113e+23 0.000000000000000000e+00
8.042152102115377708e+23 0.000000000000000000e+00
7.962255690018723778e+23 0.000000000000000000e+00
7.861548371099729328e+23 0.000000000000000000e+00
7.762085915764496311e+23 0.000000000000000000e+00
7.628266362720331948e+23 0.000000000000000000e+00
7.698443765004101317e+23 0.000000000000000000e+00
7.329141865927244660e+23 0.000000000000000000e+00
7.259053466483925577e+23 0.000000000000000000e+00
7.233485841563069018e+23 0.000000000000000000e+00
7.167227519471429343e+23 0.000000000000000000e+00
7.062638682441650316e+23 0.000000000000000000e+00
7.084606467206355322e+23 0.000000000000000000e+00
6.826891002018163537e+23 0.000000000000000000e+00
6.763254414434055383e+23 0.000000000000000000e+00
6.456625001054647773e+23 0.000000000000000000e+00
6.505862840764580453e+23 0.000000000000000000e+00
6.260333576693562925e+23 0.000000000000000000e+00
6.232630337976195057e+23 0.000000000000000000e+00
6.099252824194440631e+23 0.000000000000000000e+00
5.930380465938147773e+23 0.000000000000000000e+00
5.805622022450842446e+23 0.000000000000000000e+00
5.624561528100219194e+23 0.000000000000000000e+00
5.600765367114634919e+23 0.000000000000000000e+00
5.544764647013620531e+23 0.000000000000000000e+00
5.544397731257562044e+23 0.000000000000000000e+00
5.838498881253276564e+23 0.000000000000000000e+00
5.327097025509242333e+23 0.000000000000000000e+00
5.073406808396140475e+23 0.000000000000000000e+00
5.102360492326345391e+23 0.000000000000000000e+00
5.043556103732024647e+23 0.000000000000000000e+00
4.990212652368235143e+23 0.000000000000000000e+00
5.344864554392353935e+23 0.000000000000000000e+00
5.022108560600347590e+23 0.000000000000000000e+00
4.814680266535215259e+23 0.000000000000000000e+00
5.014150876361535489e+23 0.000000000000000000e+00
4.483924486790790156e+23 0.000000000000000000e+00
4.685733973413011338e+23 0.000000000000000000e+00
4.235534876155951962e+23 0.000000000000000000e+00
4.019466955011754547e+23 0.000000000000000000e+00
3.916067040184007980e+23 0.000000000000000000e+00
3.852977098290389582e+23 0.000000000000000000e+00
3.901152936818944948e+23 0.000000000000000000e+00
3.946206624099891602e+23 0.000000000000000000e+00
3.604809233931241920e+23 0.000000000000000000e+00
3.488529026461861224e+23 0.000000000000000000e+00
3.388009148750636757e+23 0.000000000000000000e+00
3.419705714858156496e+23 0.000000000000000000e+00
3.171893390444229841e+23 0.000000000000000000e+00
3.150368378460573207e+23 0.000000000000000000e+00
3.144325629161775804e+23 0.000000000000000000e+00
3.125757228428757817e+23 0.000000000000000000e+00
3.361021141833897979e+23 0.000000000000000000e+00
2.927570699541701911e+23 0.000000000000000000e+00
2.883788795408277643e+23 0.000000000000000000e+00
3.021153986101404825e+23 0.000000000000000000e+00
2.787670835841373842e+23 0.000000000000000000e+00
2.792226912549783690e+23 0.000000000000000000e+00
2.705620636061394880e+23 0.000000000000000000e+00
2.744150204104682148e+23 0.000000000000000000e+00
2.503553760908533647e+23 0.000000000000000000e+00
2.441554045042351785e+23 0.000000000000000000e+00
2.412912898258152163e+23 0.000000000000000000e+00
2.380315717424311236e+23 0.000000000000000000e+00
2.406464031606832355e+23 0.000000000000000000e+00
2.306865420637812713e+23 0.000000000000000000e+00
2.237619934029667904e+23 0.000000000000000000e+00
2.265638260424048388e+23 0.000000000000000000e+00
2.216720293483454514e+23 0.000000000000000000e+00
2.224529401423171944e+23 0.000000000000000000e+00
2.097204854209967890e+23 0.000000000000000000e+00
2.051460010139202921e+23 0.000000000000000000e+00
1.997953943408692838e+23 0.000000000000000000e+00
2.000850952875105992e+23 0.000000000000000000e+00
1.914225149525283716e+23 0.000000000000000000e+00
1.890702686300444348e+23 0.000000000000000000e+00
1.843172425083077442e+23 0.000000000000000000e+00
1.811659637402845011e+23 0.000000000000000000e+00
1.794183374790474575e+23 0.000000000000000000e+00
1.779455105008359315e+23 0.000000000000000000e+00
1.762425998246006531e+23 0.000000000000000000e+00
1.724831644294926639e+23 0.000000000000000000e+00
1.654118846863690915e+23 0.000000000000000000e+00
1.645164424605772137e+23 0.000000000000000000e+00
1.606996345683999373e+23 0.000000000000000000e+00
1.624523021683511421e+23 0.000000000000000000e+00
1.508480117516151072e+23 0.000000000000000000e+00
1.468607629782531912e+23 0.000000000000000000e+00
1.469961788371496694e+23 0.000000000000000000e+00
1.525445327575285477e+23 0.000000000000000000e+00
1.394671020606902973e+23 0.000000000000000000e+00
1.448296284170075222e+23 0.000000000000000000e+00
1.400878037861365847e+23 0.000000000000000000e+00
1.405356970057591329e+23 0.000000000000000000e+00
1.323050168200272670e+23 0.000000000000000000e+00
1.311598865082519850e+23 0.000000000000000000e+00
1.255696394977317497e+23 0.000000000000000000e+00
1.220514873484765708e+23 0.000000000000000000e+00
1.204762242768259326e+23 0.000000000000000000e+00
1.135655146708077914e+23 0.000000000000000000e+00
1.168528900745967132e+23 0.000000000000000000e+00
1.109898158318754212e+23 0.000000000000000000e+00
1.088632197116086798e+23 0.000000000000000000e+00
1.091508290139018274e+23 0.000000000000000000e+00
1.000248647884327197e+23 0.000000000000000000e+00
9.936139116171897287e+22 0.000000000000000000e+00
1.007196253692813052e+23 0.000000000000000000e+00
1.023508431282730047e+23 0.000000000000000000e+00
1.006815149869043789e+23 0.000000000000000000e+00
9.202237887974146992e+22 0.000000000000000000e+00
9.316897449759497991e+22 0.000000000000000000e+00
8.796448272763365150e+22 0.000000000000000000e+00
8.624200736176573776e+22 0.000000000000000000e+00
8.306253067401812561e+22 0.000000000000000000e+00
8.267339231663085951e+22 0.000000000000000000e+00
8.214833083426830654e+22 0.000000000000000000e+00
7.843035258128628187e+22 0.000000000000000000e+00
8.005086095138922221e+22 0.000000000000000000e+00
7.375095630661098983e+22 0.000000000000000000e+00
7.333828315441609363e+22 0.000000000000000000e+00
7.323253136697009268e+22 0.000000000000000000e+00
7.177242657898274331e+22 0.000000000000000000e+00
6.960449452017274008e+22 0.000000000000000000e+00
6.716276197838753156e+22 0.000000000000000000e+00
6.584863213996967199e+22 0.000000000000000000e+00
6.338054617784751279e+22 0.000000000000000000e+00
6.308046942432792465e+22 0.000000000000000000e+00
6.205340163172139113e+22 0.000000000000000000e+00
6.581143781011572025e+22 0.000000000000000000e+00
5.877176387007061531e+22 0.000000000000000000e+00
5.896111153962023282e+22 0.000000000000000000e+00
5.715587119202848211e+22 0.000000000000000000e+00
6.032653065764521955e+22 0.000000000000000000e+00
5.399493924683221513e+22 0.000000000000000000e+00
5.315194742221526847e+22 0.000000000000000000e+00
5.407940023277683789e+22 0.000000000000000000e+00
5.195290807304118180e+22 0.000000000000000000e+00
5.096460350416609713e+22 0.000000000000000000e+00
4.930209226481372601e+22 0.000000000000000000e+00
5.073159018980631904e+22 0.000000000000000000e+00
4.762699614093560722e+22 0.000000000000000000e+00
4.689673371253994632e+22 0.000000000000000000e+00
4.633642606923769446e+22 0.000000000000000000e+00
4.413271575501940667e+22 0.000000000000000000e+00
4.342734666042523517e+22 0.000000000000000000e+00
4.347529072878382848e+22 0.000000000000000000e+00
4.255743178477580321e+22 0.000000000000000000e+00
4.184384431228351781e+22 0.000000000000000000e+00
4.147230711932539791e+22 0.000000000000000000e+00
4.248572359889707965e+22 0.000000000000000000e+00
3.814580367678509993e+22 0.000000000000000000e+00
3.793900405961970732e+22 0.000000000000000000e+00
3.453771013398582841e+22 0.000000000000000000e+00
3.350873834746541192e+22 0.000000000000000000e+00
3.277798396602811312e+22 0.000000000000000000e+00
3.282659748179709474e+22 0.000000000000000000e+00
3.187847392895648662e+22 0.000000000000000000e+00
3.191368601276221542e+22 0.000000000000000000e+00
3.185570947039247099e+22 0.000000000000000000e+00
2.972366352809094388e+22 0.000000000000000000e+00
2.870498945802262964e+22 0.000000000000000000e+00
2.801412388645388472e+22 0.000000000000000000e+00
2.827743394986178118e+22 0.000000000000000000e+00
2.681925252556692600e+22 0.000000000000000000e+00
2.748136183810850239e+22 0.000000000000000000e+00
2.476700578260510048e+22 0.000000000000000000e+00
2.565639789364306667e+22 0.000000000000000000e+00
2.342758223960611802e+22 0.000000000000000000e+00
2.331135456018673592e+22 0.000000000000000000e+00
2.238167512652451519e+22 0.000000000000000000e+00
2.293475442577750622e+22 0.000000000000000000e+00
2.220856450292780945e+22 0.000000000000000000e+00
2.179172506490322603e+22 0.000000000000000000e+00
2.174784995587747794e+22 0.000000000000000000e+00
2.158429609179264477e+22 0.000000000000000000e+00
2.240776795835005403e+22 0.000000000000000000e+00
2.201291531727690269e+22 0.000000000000000000e+00
2.641008998023260694e+22 0.000000000000000000e+00
1.759329858989355906e+22 0.000000000000000000e+00
1.636993795086761958e+22 0.000000000000000000e+00
1.632998868420809825e+22 0.000000000000000000e+00
1.627268519205144835e+22 0.000000000000000000e+00
1.534164133789801696e+22 0.000000000000000000e+00
1.441652226420396943e+22 0.000000000000000000e+00
1.399968790041761048e+22 0.000000000000000000e+00
1.392676334115788476e+22 0.000000000000000000e+00
1.364850380219863374e+22 0.000000000000000000e+00
1.391365767730357810e+22 0.000000000000000000e+00
1.317676601875858090e+22 0.000000000000000000e+00
1.275466663388311978e+22 0.000000000000000000e+00
1.209503512202832563e+22 0.000000000000000000e+00
1.186480653312034498e+22 0.000000000000000000e+00
1.165501375277377887e+22 0.000000000000000000e+00
1.223955881364180435e+22 0.000000000000000000e+00
1.095081043377816129e+22 0.000000000000000000e+00
1.098920381517713637e+22 0.000000000000000000e+00
1.037452434788233668e+22 0.000000000000000000e+00
9.912671505711894626e+21 0.000000000000000000e+00
1.011884352907818670e+22 0.000000000000000000e+00
9.128380435731013698e+21 0.000000000000000000e+00
8.730467440469849670e+21 0.000000000000000000e+00
8.582140736237347013e+21 0.000000000000000000e+00
8.546641935722632708e+21 0.000000000000000000e+00
8.085368648056434590e+21 0.000000000000000000e+00
7.653196586555115831e+21 0.000000000000000000e+00
7.609676171551533171e+21 0.000000000000000000e+00
7.522448467725503169e+21 0.000000000000000000e+00
7.124194280136277754e+21 0.000000000000000000e+00
7.121952783558017810e+21 0.000000000000000000e+00
6.884472656836755980e+21 0.000000000000000000e+00
6.851950693125357306e+21 0.000000000000000000e+00
6.561570056272850452e+21 0.000000000000000000e+00
6.400330428213740175e+21 0.000000000000000000e+00
5.992281527813720244e+21 0.000000000000000000e+00
5.743694066650399638e+21 0.000000000000000000e+00
5.689425125393509122e+21 0.000000000000000000e+00
5.566825490932031291e+21 0.000000000000000000e+00
5.346331190673157390e+21 0.000000000000000000e+00
5.159021308967546520e+21 0.000000000000000000e+00
4.984962687898405044e+21 0.000000000000000000e+00
4.749808350792497758e+21 0.000000000000000000e+00
4.631704989341172892e+21 0.000000000000000000e+00
4.575527804349305061e+21 0.000000000000000000e+00
4.319536176378391036e+21 0.000000000000000000e+00
4.315794994504439169e+21 0.000000000000000000e+00
4.178917008027593736e+21 0.000000000000000000e+00
4.089856961887894766e+21 0.000000000000000000e+00
3.980828559396046897e+21 0.000000000000000000e+00
4.110303070541930562e+21 0.000000000000000000e+00
3.702331542048051036e+21 0.000000000000000000e+00
3.569873593231009645e+21 0.000000000000000000e+00
3.605913062193855201e+21 0.000000000000000000e+00
3.442947089974507864e+21 0.000000000000000000e+00
3.247062964509152379e+21 0.000000000000000000e+00
3.084656553082180076e+21 0.000000000000000000e+00
3.010279240074253042e+21 0.000000000000000000e+00
2.894944809859723821e+21 0.000000000000000000e+00
2.854228156651037786e+21 0.000000000000000000e+00
2.723444100651519836e+21 0.000000000000000000e+00
2.588679653524380320e+21 0.000000000000000000e+00
2.570466591965800563e+21 0.000000000000000000e+00
2.446033410180661117e+21 0.000000000000000000e+00
2.392254512923047100e+21 0.000000000000000000e+00
2.299991731342829683e+21 0.000000000000000000e+00
2.217516821828635460e+21 0.000000000000000000e+00
2.145340892679077888e+21 0.000000000000000000e+00
2.120887036830441538e+21 0.000000000000000000e+00
2.029625273147894268e+21 0.000000000000000000e+00
1.949797013908777599e+21 0.000000000000000000e+00
1.923159431339863966e+21 0.000000000000000000e+00
1.864648578576024863e+21 0.000000000000000000e+00
1.792588573369068421e+21 0.000000000000000000e+00
1.746538554825799369e+21 0.000000000000000000e+00
1.657542015754691412e+21 0.000000000000000000e+00
1.609562051328917373e+21 0.000000000000000000e+00
1.561951816146511725e+21 0.000000000000000000e+00
1.453246937330642321e+21 0.000000000000000000e+00
1.428925991349474558e+21 0.000000000000000000e+00
1.381520673958955319e+21 0.000000000000000000e+00
1.313707522567771521e+21 0.000000000000000000e+00
1.334905464662163456e+21 0.000000000000000000e+00
1.220983053665943683e+21 0.000000000000000000e+00
1.200630742032891249e+21 0.000000000000000000e+00
1.147096511224558911e+21 0.000000000000000000e+00
1.092330441783372677e+21 0.000000000000000000e+00
1.058311945050636288e+21 0.000000000000000000e+00
1.058017077799359087e+21 0.000000000000000000e+00
9.840817886359169270e+20 0.000000000000000000e+00
9.796226768798938563e+20 0.000000000000000000e+00
9.766260341378640773e+20 0.000000000000000000e+00
9.051682973354204856e+20 0.000000000000000000e+00
8.960466613046103245e+20 0.000000000000000000e+00
8.511664306381020201e+20 0.000000000000000000e+00
8.411306213206205399e+20 0.000000000000000000e+00
7.971287387025216635e+20 0.000000000000000000e+00
7.897461618254499021e+20 0.000000000000000000e+00
7.264939819330701885e+20 0.000000000000000000e+00
7.006838324774832701e+20 0.000000000000000000e+00
6.711544874692613243e+20 0.000000000000000000e+00
6.609991027157562819e+20 0.000000000000000000e+00
6.402991134257229332e+20 0.000000000000000000e+00
5.987927607724005130e+20 0.000000000000000000e+00
5.889555977178173932e+20 0.000000000000000000e+00
5.650086726550182298e+20 0.000000000000000000e+00
5.561942019958480568e+20 0.000000000000000000e+00
5.283324903220259062e+20 0.000000000000000000e+00
5.081811264576508396e+20 0.000000000000000000e+00
4.957133806485907046e+20 0.000000000000000000e+00
4.882570914540612485e+20 0.000000000000000000e+00
4.589372355380943913e+20 0.000000000000000000e+00
4.473572131732672348e+20 0.000000000000000000e+00
4.318470453414162596e+20 0.000000000000000000e+00
4.175017675281895916e+20 0.000000000000000000e+00
4.072634057182615306e+20 0.000000000000000000e+00
3.679025216358500270e+20 0.000000000000000000e+00
3.619359131065107743e+20 0.000000000000000000e+00
3.476016195931707802e+20 0.000000000000000000e+00
3.416549374924260639e+20 0.000000000000000000e+00
3.273818652768634143e+20 0.000000000000000000e+00
3.210197620478139433e+20 0.000000000000000000e+00
2.946986007990039675e+20 0.000000000000000000e+00
2.875925919252149699e+20 0.000000000000000000e+00
2.862517970292507935e+20 0.000000000000000000e+00
2.754813693869673349e+20 0.000000000000000000e+00
2.632807509893916590e+20 0.000000000000000000e+00
2.426549399756230164e+20 0.000000000000000000e+00
2.350114238979156869e+20 0.000000000000000000e+00
2.295190243846469059e+20 0.000000000000000000e+00
2.204988618650527334e+20 0.000000000000000000e+00
2.138374590179579331e+20 0.000000000000000000e+00
2.031744035229708124e+20 0.000000000000000000e+00
1.976442052134775685e+20 0.000000000000000000e+00
1.892001066261557740e+20 0.000000000000000000e+00
1.802422861552516465e+20 0.000000000000000000e+00
1.718088926339826647e+20 0.000000000000000000e+00
1.606848435260577219e+20 0.000000000000000000e+00
1.523749256473094062e+20 0.000000000000000000e+00
1.516112469174248735e+20 0.000000000000000000e+00
1.479914328293359288e+20 0.000000000000000000e+00
1.433495770091088282e+20 0.000000000000000000e+00
1.354214673965589463e+20 0.000000000000000000e+00
1.318552313611203871e+20 0.000000000000000000e+00
1.298314694921174221e+20 0.000000000000000000e+00
1.204906990918247875e+20 0.000000000000000000e+00
1.163180717750794650e+20 0.000000000000000000e+00
1.122705477984724746e+20 0.000000000000000000e+00
1.093881304877552435e+20 0.000000000000000000e+00
1.081650458734536950e+20 0.000000000000000000e+00
9.851445616430147174e+19 0.000000000000000000e+00
9.550266074929302733e+19 0.000000000000000000e+00
9.281429620576619725e+19 0.000000000000000000e+00
9.030534761453389414e+19 0.000000000000000000e+00
8.593230952862954291e+19 0.000000000000000000e+00
8.395211500354550170e+19 0.000000000000000000e+00
8.130729026169593856e+19 0.000000000000000000e+00
7.782439366987292672e+19 0.000000000000000000e+00
7.347762063824323379e+19 0.000000000000000000e+00
7.214700048013118669e+19 0.000000000000000000e+00
6.879055929770628710e+19 0.000000000000000000e+00
6.565513714380800000e+19 0.000000000000000000e+00
6.630585385059331277e+19 0.000000000000000000e+00
6.451864149242511360e+19 0.000000000000000000e+00
6.023677648120769741e+19 0.000000000000000000e+00
5.312081162143764480e+19 0.000000000000000000e+00
5.146440373454668595e+19 0.000000000000000000e+00
4.975466597735523123e+19 0.000000000000000000e+00
4.751469779553796096e+19 0.000000000000000000e+00
4.527381219695327642e+19 0.000000000000000000e+00
4.430087307161880166e+19 0.000000000000000000e+00
4.222665503151525069e+19 0.000000000000000000e+00
4.119206834163349094e+19 0.000000000000000000e+00
3.915635112659369984e+19 0.000000000000000000e+00
3.758437381360704717e+19 0.000000000000000000e+00
3.606547231770439680e+19 0.000000000000000000e+00
3.346051598624887603e+19 0.000000000000000000e+00
3.205904445435407155e+19 0.000000000000000000e+00
3.091281232423572685e+19 0.000000000000000000e+00
2.885572841964947046e+19 0.000000000000000000e+00
2.798713063388610150e+19 0.000000000000000000e+00
2.691217295198728602e+19 0.000000000000000000e+00
2.636117919573092352e+19 0.000000000000000000e+00
2.537515165807059354e+19 0.000000000000000000e+00
2.540617703316521370e+19 0.000000000000000000e+00
2.441440555398397133e+19 0.000000000000000000e+00
2.197409567857940890e+19 0.000000000000000000e+00
2.001821663211803034e+19 0.000000000000000000e+00
1.899447382523654144e+19 0.000000000000000000e+00
1.907249092064988365e+19 0.000000000000000000e+00
1.804499926642333491e+19 0.000000000000000000e+00
1.735732297233545216e+19 0.000000000000000000e+00
1.673841630788523008e+19 0.000000000000000000e+00
1.655570559966815846e+19 0.000000000000000000e+00
1.524563840999169024e+19 0.000000000000000000e+00
1.454415041677918208e+19 0.000000000000000000e+00
1.439206125348136550e+19 0.000000000000000000e+00
1.426354964322248909e+19 0.000000000000000000e+00
1.344734311380572160e+19 0.000000000000000000e+00
1.192947542635418010e+19 1.674401091124282600e+16
1.156262705373174374e+19 7.834238048220898000e+15
1.153476542719552717e+19 9.935308017233098000e+15
1.023141494771713024e+19 2.710752880370974000e+16
9.979915100843536384e+18 1.923584079212026000e+16
9.393297154600009728e+18 1.987580484610161600e+16
9.394275581809909760e+18 2.779864879048224800e+16
8.760305491098546176e+18 1.543006477246530240e+17
8.448463391119744000e+18 9.595253910557304000e+16
8.105041383821513728e+18 1.604417697706684160e+17
8.115529506573260800e+18 1.329860940135315680e+17
7.545952504814243840e+18 2.306723073158144000e+17
6.997310720592571392e+18 1.230169895736807680e+17
6.677379233295945728e+18 1.027476955009742080e+17
6.469913246059995136e+18 1.080806264274723520e+17
6.215115361484531712e+18 1.277761611054550720e+17
5.925495919844018176e+18 1.328609725804028320e+17
5.688068626012339200e+18 1.614005747270450240e+17
5.574721368738721792e+18 2.053778354184655360e+17
5.329685247012972544e+18 2.518539060046637760e+17
5.086161739713179648e+18 2.481760409806631040e+17
4.823385746274922496e+18 1.990698248100470080e+17
4.469019088920417280e+18 2.278218600853282240e+17
4.447388908621457920e+18 2.483813267791751040e+17
4.044988702377269760e+18 2.044553812112848000e+17
3.931614738157979648e+18 2.473937687110982720e+17
3.858408740088974336e+18 2.409135884802122560e+17
3.686037889327697408e+18 2.551833550651564800e+17
3.398354307800763904e+18 2.421045850935782400e+17
3.250653788106363904e+18 2.179600216816672960e+17
3.185788006309717504e+18 2.306701173949613120e+17
3.136572499222649856e+18 2.373041828392061440e+17
2.804487687029785088e+18 2.195562841513267840e+17
2.637990155546860032e+18 2.325438512383159040e+17
2.622906427176008192e+18 2.389511742539957760e+17
2.524595682733745664e+18 2.383883819658821760e+17
2.326809960543394816e+18 2.370948438470280960e+17
2.140234192329205504e+18 2.370645006043735040e+17
2.123717689682102016e+18 2.414639853559002240e+17
2.084152361270913280e+18 2.697336797674840960e+17
1.928450733332063488e+18 2.703394212000863680e+17
1.849048419031303936e+18 2.820030189603314240e+17
1.695578280265532416e+18 2.210184145676469120e+17
1.659791809304791552e+18 2.222077553617368960e+17
1.567857506418722816e+18 2.292573088853972480e+17
1.511117174440029952e+18 2.216298013916048640e+17
1.571335166269582848e+18 2.724851751476399680e+17
1.453116556691655424e+18 2.054500944423755840e+17
1.472622001174799104e+18 3.421106030799166080e+17
1.371331848662169088e+18 2.588264013708116800e+17
1.325820493873061120e+18 2.701136618599660480e+17
1.280942640361107200e+18 2.715780208109806720e+17
1.270714352254854912e+18 3.568917657937660800e+17
1.312951480282828544e+18 4.247303225454397440e+17
1.156581753817463040e+18 3.282342642014440320e+17
1.098494833589690880e+18 2.871960956687711680e+17
1.077793621988861440e+18 2.956740052972592640e+17
9.864806328521071360e+17 2.714060145148987520e+17
9.555936999963121920e+17 2.559514406513904320e+17
8.700063699575301120e+17 2.395845368933762560e+17
8.547876304461456640e+17 2.277895617629973120e+17
8.290428180381952000e+17 2.214210487202607360e+17
7.839867005528576000e+17 2.114682736305380800e+17
7.526793184986489600e+17 2.253037422479581440e+17
7.493967821787742720e+17 2.243779329728571200e+17
7.409754928463992320e+17 2.134297049280887040e+17
6.930457134620152320e+17 2.125933083591285120e+17
5.861526002626905600e+17 2.053869806992812160e+17
5.783720524090195200e+17 1.957192523718757760e+17
6.186888174271637760e+17 1.997069038011696960e+17
5.466349493434133120e+17 1.971318235841348800e+17
5.936844406284505600e+17 1.903963337685902400e+17
4.829516162769238400e+17 1.853842733046016640e+17
4.777626902275147520e+17 1.986552501314426240e+17
4.421280989369756160e+17 1.828447984362520320e+17
4.079043180834695040e+17 1.776399875436399680e+17
3.730677201966775680e+17 1.714270439445306880e+17
3.806692418087018240e+17 1.842185579875566720e+17
3.627892052953054720e+17 1.831300796140488960e+17
3.565270960629445120e+17 1.764528773210578880e+17
3.769147758323190400e+17 1.873005311492519040e+17
3.370950927584613120e+17 1.842197125379312320e+17
3.699287892131930880e+17 1.876752361170375680e+17
3.644595537884351360e+17 2.051066355493284800e+17
3.140419220597052160e+17 2.131711711599543360e+17
2.682965331449379520e+17 1.924247206789747840e+17
3.008499887478800640e+17 2.232198004584145280e+17
2.395477497933967360e+17 1.727781871086911360e+17
2.344218794374874560e+17 1.709086592277968640e+17
2.254284965638189760e+17 1.626237266353862720e+17
3.058959761753509760e+17 2.501909863713691520e+17
2.598409029815609280e+17 2.020755303340059520e+17
2.294951840936337920e+17 1.794703625589675840e+17
2.228256102852837760e+17 1.773270584849577280e+17
2.303873621314441280e+17 1.877177574849409280e+17
1.893471288467458880e+17 1.496285606922827840e+17
1.832031862145248000e+17 1.467865286509921920e+17
1.959544726988379840e+17 1.658041603989266560e+17
1.796670248255137600e+17 1.495869912966032320e+17
1.553486911730891520e+17 1.237485379914320480e+17
1.408924162834369120e+17 1.133100802595256480e+17
1.514041197358657280e+17 1.176605671733932320e+17
1.349111900463805760e+17 1.125616391986598560e+17
1.334135988578711200e+17 1.091680385869456480e+17
1.196128883282752800e+17 9.893802723636873600e+16
1.259316598221304000e+17 1.056960404830987360e+17
1.249027084671183040e+17 1.071948529022743200e+17
1.131835285111198720e+17 9.805208458678900800e+16
1.098915204763912480e+17 9.652172033302704000e+16
1.357696613917356960e+17 1.219064851753403360e+17
9.311823181831316800e+16 7.923050006184457600e+16
9.038344301839390400e+16 7.707121113478289600e+16
1.004123653838992160e+17 9.088368632393529600e+16
8.473649905272750400e+16 7.514373195360265600e+16
8.375779114340636800e+16 7.297403296155120000e+16
8.479818788203265600e+16 7.555879791883304000e+16
8.211883651862457600e+16 7.041255841326272000e+16
7.037104208989043200e+16 6.257087879028881600e+16
9.641200794037438400e+16 8.935107086594803200e+16
8.581957749902164800e+16 7.924951630961180800e+16
9.422842757935142400e+16 8.759871569836854400e+16
8.095474226660606400e+16 7.420002298463459200e+16
5.529630992986830400e+16 5.013330051566725600e+16
5.899521265987528000e+16 5.428773586141192000e+16
6.397244300571982400e+16 6.013073588230859200e+16
6.422023629205674400e+16 6.019983259705156000e+16
5.269980560395813600e+16 4.922155326156665600e+16
5.188082390226795200e+16 4.835922772577160800e+16
5.217864406227336800e+16 4.917763724353780000e+16
4.719181946444003200e+16 4.387421148802121600e+16
4.339061072067744000e+16 3.997479704740799200e+16
4.496215917848188800e+16 4.205218298445541600e+16
4.063185335110127200e+16 3.852475111179987200e+16
4.327575869567924000e+16 4.125227830884054400e+16
4.377186614281698400e+16 4.194365723395158400e+16
4.011418066934528000e+16 3.813356230382309600e+16
4.160596832368215200e+16 3.991489875931336800e+16
3.839554302564820800e+16 3.638321886279828800e+16
4.197057205071454400e+16 4.023649943796638400e+16
3.550017059564547600e+16 3.400252251069928000e+16
3.351744396258026000e+16 3.192373100669244800e+16
3.132773999586914800e+16 3.004342506149814400e+16
3.039312019344295200e+16 2.932219622119752000e+16
3.102017740811216000e+16 2.991815421118744000e+16
2.676983409622272800e+16 2.573690183143241200e+16
2.725649099745989200e+16 2.645628751012221200e+16
2.601641707120856400e+16 2.525280757216492000e+16
2.665621912401353200e+16 2.587763427902882800e+16
2.579218616036116400e+16 2.494660407165585200e+16
2.443035837542847200e+16 2.369207744192640800e+16
3.002703076750062000e+16 2.920550780001747200e+16
2.374967829025128000e+16 2.286578409399378400e+16
2.595840447877468000e+16 2.517522105699408400e+16
3.122175364202263200e+16 3.061578958884227200e+16
2.557141465625568000e+16 2.473214638375201200e+16
1.590795562442808800e+16 1.545843367102919200e+16
1.623005621559128400e+16 1.578066365890953000e+16
1.511305274049124200e+16 1.456977356155293600e+16
1.206776871298322800e+16 1.171830633768384800e+16
1.201774639134006000e+16 1.174437321654504400e+16
1.150552654548190200e+16 1.127479186923779200e+16
1.055544120853818000e+16 1.033844120968331200e+16
9.979390304620958000e+15 9.783175166677036000e+15
9.936124418998482000e+15 9.734215526974480000e+15
9.464803348506630000e+15 9.295952840263238000e+15
1.025253644243122600e+16 1.009574853740626400e+16
1.405572173979524200e+16 1.390883297569572800e+16
1.052593569314932200e+16 1.037947125206772600e+16
8.516323389877017000e+15 8.370263419155492000e+15
8.196860030881383000e+15 8.039521358310962000e+15
7.802872184446122000e+15 7.625444981849021000e+15
9.779033051735636000e+15 9.649044244106598000e+15
8.035828269719183000e+15 7.905801272615581000e+15
9.059166458569040000e+15 8.888728643270828000e+15
7.727814693828619000e+15 7.621899182655262000e+15
6.374200141665369000e+15 6.249509137491820000e+15
5.741553660204546000e+15 5.639968449802772000e+15
5.293596845916389000e+15 5.203031892324887000e+15
5.035094450477031000e+15 4.958948429879681000e+15
5.934583669973085000e+15 5.855026612922149000e+15
5.056611091729270000e+15 4.990721939955596000e+15
4.607913016423583000e+15 4.541952634578159000e+15
4.334676061100509500e+15 4.269277473036528000e+15
4.881991194093919000e+15 4.814057191853990000e+15
6.044917142570869000e+15 5.977763007635965000e+15
3.542948270389856500e+15 3.469304088324486500e+15
3.855703553843956000e+15 3.793129165940417000e+15
3.967144632155073000e+15 3.883736429846119500e+15
3.421113294023402500e+15 3.364857817469909500e+15
3.063329092764819000e+15 3.004453517670405500e+15
2.468580004331071000e+15 2.415177960281099000e+15
2.579558388416659000e+15 2.519842097495765000e+15
2.410038917628910500e+15 2.338513484286249500e+15
2.313831681734990500e+15 2.268948565466507000e+15
2.098143770336934750e+15 2.043572176192968750e+15
2.072332518217237000e+15 2.021340450475570500e+15
2.196159549629748500e+15 2.064034554701995750e+15
2.087385208589553750e+15 2.050448911438428750e+15
2.021152027009525750e+15 1.992605171162179250e+15
1.736892002995876750e+15 1.704644025024047000e+15
2.169837567361707000e+15 2.135882319848496000e+15
2.093430355882767750e+15 2.052165533667099500e+15
1.972526728274478000e+15 1.871045624852828750e+15
1.874778136178831000e+15 1.865311124547236750e+15
1.965324873537860750e+15 1.957191722158703750e+15
1.524738213292997750e+15 1.516366031127919750e+15
1.351044892438526500e+15 1.341343005522126000e+15
1.521296031858020500e+15 1.513635230203603750e+15
1.056444409806235875e+15 1.050697683408475750e+15
9.641381863724455000e+14 9.588047373024863750e+14
8.571285470686140000e+14 8.518652674425498750e+14
8.467839693240183750e+14 8.413463569000801250e+14
8.313368641329778750e+14 8.266067392361317500e+14
8.002431718336676250e+14 7.954740929905802500e+14
8.379154801652722500e+14 8.331847474959470000e+14
7.920394731170573750e+14 7.876890686169193750e+14
1.050767739946149750e+15 1.046320723948151875e+15
1.433306095432476750e+15 1.428909589461735750e+15
6.978439392476280000e+14 6.934239740902396250e+14
7.317173296321613750e+14 7.269011809800232500e+14
7.804457158989961250e+14 7.761030778650617500e+14
6.769754734148606250e+14 6.727946202643361250e+14
6.602219170070486250e+14 6.558437388955605000e+14
6.710712618013612500e+14 6.656313396732941250e+14
7.998399208228838750e+14 7.966401086919513750e+14
7.142788144589820000e+14 7.108128170665806250e+14
8.256656815233231250e+14 8.210720340798482500e+14
5.757796053957266250e+14 5.726048159261116250e+14
6.823834843103045000e+14 6.798919808790343750e+14
4.048195646225603125e+14 4.029151891994815625e+14
5.284064787101818750e+14 5.263637808292623750e+14
5.015014778196886250e+14 4.995411318893104375e+14
4.705709218061849375e+14 4.682337858567220625e+14
3.988575829447691250e+14 3.970076998978678125e+14
3.889893444795986875e+14 3.871195560440266250e+14
4.107896625789720625e+14 4.087016444834292500e+14
2.942356901723949375e+14 2.919937004003812500e+14
2.787428409463720938e+14 2.760533123504439375e+14
4.889959108395258750e+14 4.868275374431668750e+14
3.069589116269472500e+14 3.051429581219110000e+14
2.827643931343460625e+14 2.800900379292073438e+14
3.449041077134705625e+14 3.443361561498890625e+14
3.538986545596600625e+14 3.534594089251792500e+14
2.727899298772713750e+14 2.723204928948529688e+14
2.826675702893827500e+14 2.822627802191486250e+14
2.668705534083575000e+14 2.664284036859709375e+14
3.076152049484945625e+14 3.072137721399740000e+14
3.901900915418090000e+14 3.897549574725031250e+14
1.982239027250982500e+14 1.978126884484993750e+14
3.699923662567388750e+14 3.695507523207592500e+14
3.008034967121538750e+14 3.001874371855325625e+14
2.544486244812983125e+14 2.541186935080617500e+14
2.581713958448448750e+14 2.578903965613141250e+14
2.293206573174103438e+14 2.289835165858340625e+14
2.240489806727392188e+14 2.236617940118426875e+14
2.307959027733805938e+14 2.306099301336601562e+14
2.080190197766249375e+14 2.079670647912298750e+14
2.195023151118196875e+14 2.194983555020965312e+14
2.259113471730215000e+14 2.259101099755858438e+14
1.941955472871280312e+14 1.941954540853204688e+14
1.879298465978469688e+14 1.879292963227029688e+14
2.087404966475611875e+14 2.087404973523990938e+14
2.701191374924103438e+14 2.701191382871143438e+14
1.629027762213962500e+14 1.629027772319010000e+14
1.497934215329588750e+14 1.497934220166281562e+14
1.652303815785830000e+14 1.652303821437833750e+14
1.938121501110418750e+14 1.938121508781420625e+14
7.846952962837118750e+13 7.846953031458551562e+13
3.215782574104811250e+14 3.215782574425741875e+14
1.704566801229135938e+14 1.704566801571812812e+14
1.508337822294434062e+14 1.508337822668948750e+14
1.370748211341253906e+14 1.370748211766496719e+14
1.132721841472319375e+14 1.132721841992510938e+14
1.027148491945777812e+14 1.027148492735780938e+14
9.581484786699240625e+13 9.581484786699240625e+13
9.270845536596909375e+13 9.270845536596909375e+13
8.454685718710146875e+13 8.454685718710146875e+13
8.266998526991631250e+13 8.266998526991631250e+13
1.652691620413662500e+14 1.652691620413662500e+14
1.166993113128815781e+14 1.166993113128815781e+14
1.067801572178427812e+14 1.067801572178427812e+14
9.626579649574239062e+13 9.626579649574239062e+13
9.539740769772801562e+13 9.539740769772801562e+13
8.424540534217831250e+13 8.424540534217831250e+13
8.369461043835751562e+13 8.369461043835751562e+13
8.409173907846707812e+13 8.409173907846707812e+13
8.808949469181400000e+13 8.808949469181400000e+13
8.215248919475789062e+13 8.215248919475789062e+13
8.490861933541590625e+13 8.490861933541590625e+13
1.488903406487840625e+14 1.488903406487840625e+14
4.453372612737774219e+13 4.453372612737774219e+13
4.636449719974820312e+13 4.636449719974820312e+13
4.194703954537817969e+13 4.194703954537817969e+13
4.160545937562286719e+13 4.160545937562286719e+13
4.398241451675627344e+13 4.398241451675627344e+13
4.047509964615535156e+13 4.047509964615535156e+13
4.130910086327380469e+13 4.130910086327380469e+13
4.306428444297733594e+13 4.306428444297733594e+13
4.103963282757603906e+13 4.103963282757603906e+13
6.431261834417773438e+13 6.431261834417773438e+13
3.085046504011892188e+13 3.085046504011892188e+13
3.164793449679094141e+13 3.164793449679094141e+13
3.370888837205878125e+13 3.370888837205878125e+13
3.664132944805642969e+13 3.664132944805642969e+13
2.735696515044001953e+13 2.735696515044001953e+13
3.051285370863508594e+13 3.051285370863508594e+13
4.338258934992260938e+13 4.338258934992260938e+13
3.432774824086384375e+13 3.432774824086384375e+13
3.303918397345805469e+13 3.303918397345805469e+13
3.079094584342871094e+13 3.079094584342871094e+13
3.269725270430558984e+13 3.269725270430558984e+13
3.119948568717923828e+13 3.119948568717923828e+13
3.121083698751770312e+13 3.121083698751770312e+13
3.214516194823662500e+13 3.214516194823662500e+13
3.424125335228019922e+13 3.424125335228019922e+13
3.853523462425339844e+13 3.853523462425339844e+13
4.977934489599621875e+13 4.977934489599621875e+13
1.615869476494196875e+13 1.615869476494196875e+13
1.129626177260822070e+13 1.129626177260822070e+13
1.301737951919532227e+13 1.301737951919532227e+13
1.914514536368243750e+13 1.914514536368243750e+13
2.426422347179473633e+12 2.426422347179473633e+12
2.456525740367569824e+12 2.456525740367569824e+12
2.815273823572489258e+12 2.815273823572489258e+12
2.208513059891420410e+12 2.208513059891420410e+12
2.229463760950471680e+12 2.229463760950471680e+12
2.275436081031799316e+12 2.275436081031799316e+12
2.358110103660686523e+12 2.358110103660686523e+12
2.501827360749596191e+12 2.501827360749596191e+12
2.767853582108591309e+12 2.767853582108591309e+12
3.385566665894483398e+12 3.385566665894483398e+12
2.176307248927955566e+12 2.176307248927955566e+12
6.366276523631500244e+11 6.366276523631500244e+11
6.267447446477088623e+11 6.267447446477088623e+11
6.247797408406492920e+11 6.247797408406492920e+11
6.927812888383670654e+11 6.927812888383670654e+11
5.535975190767285156e+11 5.535975190767285156e+11
5.441248345087291870e+11 5.441248345087291870e+11
5.360257389269353027e+11 5.360257389269353027e+11
5.293283300493638306e+11 5.293283300493638306e+11
5.240907777219481812e+11 5.240907777219481812e+11
5.204079342390062866e+11 5.204079342390062866e+11
5.184214493555244751e+11 5.184214493555244751e+11
5.183352235337584839e+11 5.183352235337584839e+11
5.204393552275825195e+11 5.204393552275825195e+11
5.251482158981290894e+11 5.251482158981290894e+11
5.330631890966925049e+11 5.330631890966925049e+11
5.450809424902308350e+11 5.450809424902308350e+11
5.625915976952678223e+11 5.625915976952678223e+11
5.878698723262478027e+11 5.878698723262478027e+11
6.249278200591556396e+11 6.249278200591556396e+11
6.816469904681718750e+11 6.816469904681718750e+11
7.763109253797535400e+11 7.763109253797535400e+11
9.658388125539376221e+11 9.658388125539376221e+11
1.623743686996945801e+12 1.623743686996945801e+12
6.476076891634696121e-18 6.462616848251341248e-18
8.124682204454045775e-18 8.109205558721722228e-18
8.076451696088207461e-18 8.066868136559768333e-18
6.465681759334966506e-18 6.455901258355147313e-18
7.994335140270650661e-18 7.984898584926532262e-18
6.792197352882475195e-18 6.782626890601521101e-18
6.424750677777258519e-18 6.415465739734064272e-18
6.897505171050877474e-18 6.888140315998665161e-18
6.094371498469091912e-18 6.084868811398977998e-18
5.518572979319919828e-18 5.508930624473077787e-18
4.854514897031276656e-18 4.844612712692571414e-18
4.758294566377536768e-18 4.748002214685203046e-18
4.772969822338256583e-18 4.762177534803913148e-18
4.355519419653564014e-18 4.343828677312598372e-18
5.618958675070598912e-18 5.605626367689079487e-18
4.856541782142466877e-18 4.839045364159361946e-18
4.691867724506990334e-18 4.688211990258284015e-18
4.710079963833651651e-18 4.706284282150091415e-18
5.061904045762339165e-18 5.058429154409727382e-18
5.201489528986311994e-18 5.197858967591265833e-18
3.296461142427944266e-18 3.291971427802433389e-18
3.235947529916738797e-18 3.233394794448573327e-18
3.196069932503344457e-18 3.193527122678058455e-18
3.185845318909373094e-18 3.183269430917544730e-18
3.175489420857652073e-18 3.173036374234772707e-18
3.268391734008256467e-18 3.265949796275367316e-18
3.776042103092879124e-18 3.773606274313028330e-18
2.921403145471215445e-18 2.918965914013256209e-18
2.444220001941120065e-18 2.441791651804728989e-18
2.446749773533145054e-18 2.444311610908932861e-18
2.496736702784503665e-18 2.494280368318156347e-18
2.865610531516038815e-18 2.863125389712233483e-18
2.015811222565172614e-18 2.013283036677775523e-18
2.006467298653310522e-18 2.003875385385598090e-18
2.020828392754239774e-18 2.018135383653567182e-18
2.162738474723294357e-18 2.160015224427874994e-18
1.869357180523699196e-18 1.866465304926980118e-18
1.901030071912593368e-18 1.897861443834184425e-18
2.042847655551727438e-18 2.039049377659280986e-18
1.752715318725403166e-18 1.747959414764121911e-18
1.758779309843639189e-18 1.757794276894109173e-18
2.179504984470106065e-18 2.178471963691986004e-18
1.459435074300407190e-18 1.458244288176014890e-18
1.510533672105441637e-18 1.509741356646649307e-18
1.747362070354146244e-18 1.746558246432290254e-18
2.978569753380341992e-18 2.977756996513242365e-18
2.445017244615871542e-18 2.444183688166385466e-18
1.976632426363975888e-18 1.975768650389456284e-18
1.935540626016204830e-18 1.934631095747177682e-18
2.290442007911426380e-18 2.289473725780961539e-18
1.316401142519275099e-18 1.315314830363333646e-18
1.268103673709661983e-18 1.266746965294808405e-18
1.240888242575416262e-18 1.235025136970788821e-18
1.225282191987354247e-18 1.224868162777426788e-18
1.261400828641599210e-18 1.260894585107457995e-18
1.670790251383699143e-18 1.670148038061388262e-18
8.679876115141027332e-19 8.677564503328000734e-19
8.384424396927424904e-19 8.382098817762104920e-19
8.112996868605227218e-19 8.110646637106587809e-19
7.862456146278272217e-19 7.860067086203540591e-19
7.630413275003646597e-19 7.627965498390160284e-19
7.415045748662671834e-19 7.412508961607286324e-19
7.214988994379220169e-19 7.212306940446690458e-19
7.029156823277500619e-19 7.026337326826514562e-19
6.857083621917250985e-19 6.853907996304832161e-19
6.698668437937104760e-19 6.694651271150555533e-19
6.568685582345296920e-19 6.548556316861863478e-19
6.416870140431792615e-19 6.416055856659268086e-19
6.299023976676525367e-19 6.298205541144213728e-19
6.197843466148371187e-19 6.197044422302014387e-19
6.117161906551354542e-19 6.116355878486170694e-19
6.064271470990640356e-19 6.063445126694692159e-19
6.054810921062629049e-19 6.054014840378101047e-19
6.130341734767106967e-19 6.129516063916837102e-19
6.620039092964928892e-19 6.619162768195695847e-19
5.083359141267235319e-19 5.082309708028044022e-19
4.837952379631640353e-19 4.837403285992037760e-19
4.785587772434032400e-19 4.785015702171528537e-19
4.671114058259700941e-19 4.670319618529521687e-19
4.636812546192661187e-19 4.636371932105170323e-19
4.663468067023278705e-19 4.663031861385932092e-19
4.409718707303898841e-19 4.409285541187070793e-19
4.402784161933875389e-19 4.402351461963795293e-19
4.431305872419354878e-19 4.430861664186984889e-19
4.526549474161998362e-19 4.526136970218327586e-19
4.805407082748026794e-19 4.804994743888132687e-19
7.871805511956446949e-19 7.871391210923356167e-19
3.587544725487935394e-19 3.587125234782945709e-19
3.619488132114540541e-19 3.619057689743510897e-19
3.698150149646020514e-19 3.697693426667458156e-19
3.873917114532611937e-19 3.873489961070893098e-19
4.379178413159921141e-19 4.378775032554964548e-19
3.332012858635297324e-19 3.331579063639336118e-19
2.523023672650853514e-19 2.522521657621675649e-19
2.555396637161037447e-19 2.554576845102226188e-19
2.641733320542232474e-19 2.641565715891950967e-19
2.897146455847290758e-19 2.896982916966948868e-19
1.895838998678608087e-19 1.895679396380882839e-19
1.900425070037430710e-19 1.900269270488391728e-19
1.939201113290802655e-19 1.939048962425630353e-19
2.160753560034924056e-19 2.160604884548908204e-19
6.545441905935783810e-19 6.545296476140254346e-19
1.394392595777679930e-19 1.394250014546445896e-19
1.365051982961825049e-19 1.364910958059652395e-19
1.337037866139633326e-19 1.336905290912726328e-19
1.310384283252660336e-19 1.310254871898884069e-19
1.285125199979931172e-19 1.284998848253548442e-19
1.261322893055949608e-19 1.261199491885419837e-19
1.239071729004328811e-19 1.238951085473095552e-19
1.218511649919515504e-19 1.218393880274846140e-19
1.199852023913020747e-19 1.199736877584805518e-19
1.183409456097808483e-19 1.183296807024817826e-19
1.169679141594298031e-19 1.169568837175314875e-19
1.159472868023263670e-19 1.159364724561334435e-19
1.154216400448970040e-19 1.154110170426358834e-19
1.156680208638486270e-19 1.156575509170598777e-19
1.173160335788938474e-19 1.173056430374947278e-19
1.222468212135797287e-19 1.222362954771216111e-19
1.412625836273222848e-19 1.412392373540030661e-19
8.385052494427578771e-20 8.384177334548445866e-20
8.228009355212928731e-20 8.227154475810035481e-20
8.078071240409813413e-20 8.077235583973405541e-20
7.935346993786868134e-20 7.934526544990679775e-20
7.799998368715654888e-20 7.799201470444112765e-20
7.672303458483851172e-20 7.671523369675889754e-20
7.552639210723717567e-20 7.551874516152386199e-20
7.441553679586432121e-20 7.440802360902943306e-20
7.339832746949483239e-20 7.339091382831148001e-20
7.248619413931079269e-20 7.247880255059297140e-20
7.169634576257685889e-20 7.168862676918680075e-20
7.105284765364888667e-20 7.104653431617465708e-20
7.060125040743244195e-20 7.059509442960177636e-20
7.041502096656778610e-20 7.040901739093406670e-20
7.064040416534930526e-20 7.063454665846349042e-20
7.161654479252186773e-20 7.161080382093470986e-20
7.440613082005802238e-20 7.440057843140497882e-20
8.625152366327093044e-20 8.624610979003257861e-20
5.589290681842041873e-20 5.588762774679748291e-20
5.534999503314943524e-20 5.534484711330787689e-20
5.488590793366754186e-20 5.488088705186629524e-20
5.450937965327770176e-20 5.450448376983211939e-20
5.423194358162642118e-20 5.422716847615498703e-20
5.406907168169813291e-20 5.406441400116525178e-20
5.404197649480797976e-20 5.403743292863707792e-20
5.418055484127292286e-20 5.417612210383647075e-20
5.452847274185610590e-20 5.452414754631944322e-20
5.515255548251269247e-20 5.514833449902465294e-20
5.616171643594363608e-20 5.615759621931914799e-20
5.775000080717716430e-20 5.774597765908822402e-20
6.031358261995055833e-20 6.030965229066432101e-20
6.487959947911565656e-20 6.487575639212150436e-20
7.614946604258992257e-20 7.614570056380189839e-20
5.652317127349292224e-20 5.651945057986626750e-20
7.098648467442072902e-20 7.098297377158679627e-20
2.648341459606124795e-20 2.647998853355567845e-20
2.649982897366745244e-20 2.649648530458939974e-20
2.658942725993170531e-20 2.658616355212026830e-20
2.676700326455927997e-20 2.676381708453008857e-20
2.705299733501485950e-20 2.704988622508290080e-20
2.747649465897564639e-20 2.747345610316253399e-20
2.808042531628825983e-20 2.807745668683903289e-20
2.893116564768520758e-20 2.892826411595294329e-20
3.013773328452238532e-20 3.013489566109258635e-20
3.189439896769414941e-20 3.189162138688275833e-20
3.459008092587966930e-20 3.458735813605494940e-20
3.915785808915190628e-20 3.915518151025997051e-20
4.871197031230530568e-20 4.870932055149654077e-20
9.029568272779764120e-20 9.029295945270106571e-20
4.820380855472364282e-21 4.818016232267393363e-21
4.750345493880390640e-21 4.748038047084549684e-21
4.683879309600415678e-21 4.681627519757210838e-21
4.621039821976285185e-21 4.618842206026407410e-21
4.561902181315528618e-21 4.559757291246636831e-21
4.506561934293418945e-21 4.504468355751499417e-21
4.455138419172088787e-21 4.453094770017070120e-21
4.407778962195109597e-21 4.405783890977987032e-21
4.364664103789369005e-21 4.362716288120753683e-21
4.326014161625755421e-21 4.324112306395062507e-21
2.188363458341300362e-19 2.188344886695195615e-19
1.087837179922258476e-19 1.087819042714414909e-19
8.166857778205205871e-20 8.166680627865924797e-20
6.774692747418550215e-20 6.774519697888758924e-20
5.885782065865658684e-20 5.885612997527267500e-20
5.252746556072208404e-20 5.252581350099029719e-20
4.771373826328713268e-20 4.771212363990089212e-20
4.389095350925540348e-20 4.388937512615755946e-20
4.076159225902214257e-20 4.076004889728462170e-20
3.814340760327725262e-20 3.814189799954814436e-20
3.591839910498066693e-20 3.591692191671040293e-20
3.400734368566748712e-20 3.400589743114013133e-20
3.235624663555283338e-20 3.235482958143733400e-20
3.092903237622722470e-20 3.092764230192080678e-20
2.970407540708089866e-20 2.970270902580900895e-20
2.867394173474719211e-20 2.867259286055834443e-20
2.784950508837644621e-20 2.784815499200089381e-20
2.727354221087764843e-20 2.727232319750436841e-20
2.706733380815452962e-20 2.706614194842982642e-20
2.786426847189657436e-20 2.786310297797781200e-20
2.992485317331536623e-20 2.992371326941076236e-20
1.809120345077601473e-20 1.809008837163092889e-20
1.737626086519730352e-20 1.737516985438290997e-20
1.670852645557001857e-20 1.670745876351904733e-20
1.608346382875571467e-20 1.608241871047156081e-20
1.549715797381629381e-20 1.549613468615714335e-20
1.494621254285208501e-20 1.494521034125613280e-20
1.442766876200425630e-20 1.442668689647125320e-20
1.393894149709108073e-20 1.393797920716081133e-20
1.347776944492591493e-20 1.347682595328240389e-20
1.304217776869060575e-20 1.304125227284932566e-20
1.263045290404056908e-20 1.262954456530980000e-20
1.224113140174345309e-20 1.224023933020450706e-20
1.187300855687826762e-20 1.187213179042019598e-20
1.152518119485347910e-20 1.152431866900588213e-20
1.119716104507921274e-20 1.119631154809017497e-20
1.088916080560500145e-20 1.088832290876505992e-20
1.060289191816186495e-20 1.060206386227407119e-20
1.034434783862265945e-20 1.034352733731284317e-20
1.013907133629263953e-20 1.013825520721295865e-20
1.063294684383976674e-20 1.063213023940634519e-20
9.354325241742844603e-21 9.353499778975587673e-21
9.116252165299694109e-21 9.115400123072222652e-21
8.889525399057690183e-21 8.888590657559485200e-21
8.673150276523370003e-21 8.672572619871610582e-21
8.467460298319732582e-21 8.466894930928294039e-21
8.271704651565238605e-21 8.271151232451897096e-21
8.085519313304652111e-21 8.084977509031346290e-21
7.908580778298781929e-21 7.908050262695381935e-21
7.740604775090088624e-21 7.740085228978890297e-21
7.581345525623502655e-21 7.580836636543648025e-21
7.430595568400887910e-21 7.430097030331986729e-21
7.288186186479415051e-21 7.287697699563524765e-21
7.153988500864922628e-21 7.153509771125956938e-21
7.027915330255068623e-21 7.027446069314516682e-21
6.909923935995170657e-21 6.909463860783049594e-21
6.800019841744805029e-21 6.799568674204497641e-21
6.698261960302166120e-21 6.697819427087614279e-21
6.604769366047655119e-21 6.604335198211259817e-21
6.519730155665396074e-21 6.519304088334700429e-21
6.443413017753253720e-21 6.442994789794151996e-21
6.376182371844873947e-21 6.375771725508851904e-21
6.318518274800572277e-21 6.318114955352946268e-21
6.271042825296756518e-21 6.270646580622582332e-21
6.234555550029726381e-21 6.234166130213306296e-21
6.210081458318131865e-21 6.209698615191402127e-21
6.198937321984828269e-21 6.198560808639111029e-21
6.202824752558230159e-21 6.202454322812781378e-21
6.223963700746631581e-21 6.223599108566108911e-21
6.265288619904441235e-21 6.264929618755886419e-21
6.330745014224356410e-21 6.330391356362434529e-21
6.425752877198321099e-21 6.425404312865045522e-21
6.557960046143814527e-21 6.557616322666083225e-21
6.738526378440198053e-21 6.738187239204561653e-21
6.984444031415389364e-21 6.984109214694765603e-21
7.323048564612854805e-21 7.322717802213451398e-21
7.801666209626044144e-21 7.801339225314964129e-21
8.511103255028779287e-21 8.510779762691413879e-21
9.654757993545667989e-21 9.654437695004481612e-21
1.182622064936499904e-20 1.182590323078984267e-20
1.820521622491642814e-20 1.820490135793912162e-20
3.126686056764051001e-25 0.000000000000000000e+00
3.108484678181605150e-25 0.000000000000000000e+00
3.094384367619460543e-25 0.000000000000000000e+00
3.084775572204931968e-25 0.000000000000000000e+00
3.080139745591626152e-25 0.000000000000000000e+00
3.081075497910039372e-25 0.000000000000000000e+00
3.088334916617568422e-25 0.000000000000000000e+00
3.102878242290258873e-25 0.000000000000000000e+00
3.125881512484048730e-25 0.000000000000000000e+00
3.159031412072095598e-25 0.000000000000000000e+00
3.204445729950945223e-25 0.000000000000000000e+00
3.265066121684859319e-25 0.000000000000000000e+00
3.345033816770243897e-25 0.000000000000000000e+00
3.450387530767272874e-25 0.000000000000000000e+00
3.590329268230562836e-25 0.000000000000000000e+00
3.779697595357776189e-25 0.000000000000000000e+00
4.044292633531696916e-25 0.000000000000000000e+00
4.433966065127833181e-25 0.000000000000000000e+00
5.061708659497788756e-25 0.000000000000000000e+00
6.264912954739335331e-25 0.000000000000000000e+00
9.982597331810984960e-25 0.000000000000000000e+00
3.362461524091963333e-31 0.000000000000000000e+00
3.307491618821873691e-31 0.000000000000000000e+00
3.254700784869523244e-31 0.000000000000000000e+00
3.204090513096286035e-31 0.000000000000000000e+00
3.155668293476238749e-31 0.000000000000000000e+00
3.109448309224577899e-31 0.000000000000000000e+00
3.065452263655025889e-31 0.000000000000000000e+00
3.023710372066210730e-31 0.000000000000000000e+00
2.984262554444569378e-31 0.000000000000000000e+00
2.947159879309695522e-31 0.000000000000000000e+00
2.912466319276040822e-31 0.000000000000000000e+00
2.880260900089439929e-31 0.000000000000000000e+00
2.850640349648897280e-31 0.000000000000000000e+00
2.823722386369033032e-31 0.000000000000000000e+00
2.799649836700440192e-31 0.000000000000000000e+00
2.778595834225459420e-31 0.000000000000000000e+00
2.760770453068822913e-31 0.000000000000000000e+00
2.746429258851347386e-31 0.000000000000000000e+00
2.735884467077781375e-31 0.000000000000000000e+00
2.729519693398397506e-31 0.000000000000000000e+00
2.727809739856175143e-31 0.000000000000000000e+00
2.731347571952478899e-31 0.000000000000000000e+00
2.740881776210058273e-31 0.000000000000000000e+00
2.757369652984412672e-31 0.000000000000000000e+00
2.782054257957696128e-31 0.000000000000000000e+00
2.816579246897604144e-31 0.000000000000000000e+00
2.863165509579131110e-31 0.000000000000000000e+00
2.924893004850438309e-31 0.000000000000000000e+00
3.006170586970482237e-31 0.000000000000000000e+00
3.113562035067599091e-31 0.000000000000000000e+00
3.257337598160830718e-31 0.000000000000000000e+00
3.454645588448990245e-31 0.000000000000000000e+00
3.736768634402118644e-31 0.000000000000000000e+00
4.168583223087720350e-31 0.000000000000000000e+00
4.915272693227634012e-31 0.000000000000000000e+00
6.602956321954234584e-31 0.000000000000000000e+00
2.262354333393905116e-30 0.000000000000000000e+00
0.000000000000000000e+00 0.000000000000000000e+00
0.000000000000000000e+00 0.000000000000000000e+00
0.000000000000000000e+00 0.000000000000000000e+00
0.000000000000000000e+00 0.000000000000000000e+00
0.000000000000000000e+00 0.000000000000000000e+00
0.000000000000000000e+00 0.000000000000000000e+00
0.000000000000000000e+00 0.000000000000000000e+00
0.000000000000000000e+00 0.000000000000000000e+00
0.000000000000000000e+00 0.000000000000000000e+00
0.000000000000000000e+00 0.000000000000000000e+00
0.000000000000000000e+00 0.000000000000000000e+00
0.000000000000000000e+00 0.000000000000000000e+00
0.000000000000000000e+00 0.000000000000000000e+00
0.000000000000000000e+00 0.000000000000000000e+00
0.000000000000000000e+00 0.000000000000000000e+00
0.000000000000000000e+00 0.000000000000000000e+00
0.000000000000000000e+00 0.000000000000000000e+00
0.000000000000000000e+00 0.000000000000000000e+00
0.000000000000000000e+00 0.000000000000000000e+00
0.000000000000000000e+00 0.000000000000000000e+00
0.000000000000000000e+00 0.000000000000000000e+00
0.000000000000000000e+00 0.000000000000000000e+00
0.000000000000000000e+00 0.000000000000000000e+00
0.000000000000000000e+00 0.000000000000000000e+00
0.000000000000000000e+00 0.000000000000000000e+00
0.000000000000000000e+00 0.000000000000000000e+00
0.000000000000000000e+00 0.000000000000000000e+00
0.000000000000000000e+00 0.000000000000000000e+00
0.000000000000000000e+00 0.000000000000000000e+00
0.000000000000000000e+00 0.000000000000000000e+00
0.000000000000000000e+00 0.000000000000000000e+00
0.000000000000000000e+00 0.000000000000000000e+00
0.000000000000000000e+00 0.000000000000000000e+00
0.000000000000000000e+00 0.000000000000000000e+00
0.000000000000000000e+00 0.000000000000000000e+00
0.000000000000000000e+00 0.000000000000000000e+00
0.000000000000000000e+00 0.000000000000000000e+00
0.000000000000000000e+00 0.000000000000000000e+00
0.000000000000000000e+00 0.000000000000000000e+00
0.000000000000000000e+00 0.000000000000000000e+00
0.000000000000000000e+00 0.000000000000000000e+00
0.000000000000000000e+00 0.000000000000000000e+00
0.000000000000000000e+00 0.000000000000000000e+00
0.000000000000000000e+00 0.000000000000000000e+00
0.000000000000000000e+00 0.000000000000000000e+00
0.000000000000000000e+00 0.000000000000000000e+00
0.000000000000000000e+00 0.000000000000000000e+00
0.000000000000000000e+00 0.000000000000000000e+00
0.000000000000000000e+00 0.000000000000000000e+00
0.000000000000000000e+00 0.000000000000000000e+00
0.000000000000000000e+00 0.000000000000000000e+00
0.000000000000000000e+00 0.000000000000000000e+00
0.000000000000000000e+00 0.000000000000000000e+00
0.000000000000000000e+00 0.000000000000000000e+00
0.000000000000000000e+00 0.000000000000000000e+00
0.000000000000000000e+00 0.000000000000000000e+00
0.000000000000000000e+00 0.000000000000000000e+00
0.000000000000000000e+00 0.000000000000000000e+00
0.000000000000000000e+00 0.000000000000000000e+00
0.000000000000000000e+00 0.000000000000000000e+00
0.000000000000000000e+00 0.000000000000000000e+00
0.000000000000000000e+00 0.000000000000000000e+00
0.000000000000000000e+00 0.000000000000000000e+00
0.000000000000000000e+00 0.000000000000000000e+00
0.000000000000000000e+00 0.000000000000000000e+00
0.000000000000000000e+00 0.000000000000000000e+00
0.000000000000000000e+00 0.000000000000000000e+00
0.000000000000000000e+00 0.000000000000000000e+00
0.000000000000000000e+00 0.000000000000000000e+00
0.000000000000000000e+00 0.000000000000000000e+00
0.000000000000000000e+00 0.000000000000000000e+00
0.000000000000000000e+00 0.000000000000000000e+00
0.000000000000000000e+00 0.000000000000000000e+00
0.000000000000000000e+00 0.000000000000000000e+00
0.000000000000000000e+00 0.000000000000000000e+00
0.000000000000000000e+00 0.000000000000000000e+00
0.000000000000000000e+00 0.000000000000000000e+00
0.000000000000000000e+00 0.000000000000000000e+00
0.000000000000000000e+00 0.000000000000000000e+00
0.000000000000000000e+00 0.000000000000000000e+00
0.000000000000000000e+00 0.000000000000000000e+00
0.000000000000000000e+00 0.000000000000000000e+00
0.000000000000000000e+00 0.000000000000000000e+00
0.000000000000000000e+00 0.000000000000000000e+00
0.000000000000000000e+00 0.000000000000000000e+00
0.000000000000000000e+00 0.000000000000000000e+00
0.000000000000000000e+00 0.000000000000000000e+00
0.000000000000000000e+00 0.000000000000000000e+00
0.000000000000000000e+00 0.000000000000000000e+00
0.000000000000000000e+00 0.000000000000000000e+00
0.000000000000000000e+00 0.000000000000000000e+00
0.000000000000000000e+00 0.000000000000000000e+00
0.000000000000000000e+00 0.000000000000000000e+00
0.000000000000000000e+00 0.000000000000000000e+00
0.000000000000000000e+00 0.000000000000000000e+00
0.000000000000000000e+00 0.000000000000000000e+00
0.000000000000000000e+00 0.000000000000000000e+00
0.000000000000000000e+00 0.000000000000000000e+00
0.000000000000000000e+00 0.000000000000000000e+00
0.000000000000000000e+00 0.000000000000000000e+00
0.000000000000000000e+00 0.000000000000000000e+00
0.000000000000000000e+00 0.000000000000000000e+00
0.000000000000000000e+00 0.000000000000000000e+00
0.000000000000000000e+00 0.000000000000000000e+00
0.000000000000000000e+00 0.000000000000000000e+00
0.000000000000000000e+00 0.000000000000000000e+00
0.000000000000000000e+00 0.000000000000000000e+00
0.000000000000000000e+00 0.000000000000000000e+00
0.000000000000000000e+00 0.000000000000000000e+00
0.000000000000000000e+00 0.000000000000000000e+00
0.000000000000000000e+00 0.000000000000000000e+00
0.000000000000000000e+00 0.000000000000000000e+00
0.000000000000000000e+00 0.000000000000000000e+00
0.000000000000000000e+00 0.000000000000000000e+00
0.000000000000000000e+00 0.000000000000000000e+00
0.000000000000000000e+00 0.000000000000000000e+00
0.000000000000000000e+00 0.000000000000000000e+00
0.000000000000000000e+00 0.000000000000000000e+00
0.000000000000000000e+00 0.000000000000000000e+00
0.000000000000000000e+00 0.000000000000000000e+00
0.000000000000000000e+00 0.000000000000000000e+00
0.000000000000000000e+00 0.000000000000000000e+00
0.000000000000000000e+00 0.000000000000000000e+00
0.000000000000000000e+00 0.000000000000000000e+00
0.000000000000000000e+00 0.000000000000000000e+00
0.000000000000000000e+00 0.000000000000000000e+00
0.000000000000000000e+00 0.000000000000000000e+00
0.000000000000000000e+00 0.000000000000000000e+00
0.000000000000000000e+00 0.000000000000000000e+00
0.000000000000000000e+00 0.000000000000000000e+00
0.000000000000000000e+00 0.000000000000000000e+00
0.000000000000000000e+00 0.000000000000000000e+00
0.000000000000000000e+00 0.000000000000000000e+00
0.000000000000000000e+00 0.000000000000000000e+00
0.000000000000000000e+00 0.000000000000000000e+00
0.000000000000000000e+00 0.000000000000000000e+00
0.000000000000000000e+00 0.000000000000000000e+00
0.000000000000000000e+00 0.000000000000000000e+00
0.000000000000000000e+00 0.000000000000000000e+00
0.000000000000000000e+00 0.000000000000000000e+00
0.000000000000000000e+00 0.000000000000000000e+00
0.000000000000000000e+00 0.000000000000000000e+00
0.000000000000000000e+00 0.000000000000000000e+00
0.000000000000000000e+00 0.000000000000000000e+00
0.000000000000000000e+00 0.000000000000000000e+00
0.000000000000000000e+00 0.000000000000000000e+00
0.000000000000000000e+00 0.000000000000000000e+00
0.000000000000000000e+00 0.000000000000000000e+00
0.000000000000000000e+00 0.000000000000000000e+00
0.000000000000000000e+00 0.000000000000000000e+00
0.000000000000000000e+00 0.000000000000000000e+00
0.000000000000000000e+00 0.000000000000000000e+00
0.000000000000000000e+00 0.000000000000000000e+00
0.000000000000000000e+00 0.000000000000000000e+00
0.000000000000000000e+00 0.000000000000000000e+00
0.000000000000000000e+00 0.000000000000000000e+00
0.000000000000000000e+00 0.000000000000000000e+00
0.000000000000000000e+00 0.000000000000000000e+00
0.000000000000000000e+00 0.000000000000000000e+00
0.000000000000000000e+00 0.000000000000000000e+00
0.000000000000000000e+00 0.000000000000000000e+00
0.000000000000000000e+00 0.000000000000000000e+00
0.000000000000000000e+00 0.000000000000000000e+00
0.000000000000000000e+00 0.000000000000000000e+00
0.000000000000000000e+00 0.000000000000000000e+00
0.000000000000000000e+00 0.000000000000000000e+00
0.000000000000000000e+00 0.000000000000000000e+00
0.000000000000000000e+00 0.000000000000000000e+00
0.000000000000000000e+00 0.000000000000000000e+00
0.000000000000000000e+00 0.000000000000000000e+00
0.000000000000000000e+00 0.000000000000000000e+00
0.000000000000000000e+00 0.000000000000000000e+00
0.000000000000000000e+00 0.000000000000000000e+00
0.000000000000000000e+00 0.000000000000000000e+00
0.000000000000000000e+00 0.000000000000000000e+00
0.000000000000000000e+00 0.000000000000000000e+00
0.000000000000000000e+00 0.000000000000000000e+00
0.000000000000000000e+00 0.000000000000000000e+00
0.000000000000000000e+00 0.000000000000000000e+00
0.000000000000000000e+00 0.000000000000000000e+00
0.000000000000000000e+00 0.000000000000000000e+00
0.000000000000000000e+00 0.000000000000000000e+00
0.000000000000000000e+00 0.000000000000000000e+00
0.000000000000000000e+00 0.000000000000000000e+00
0.000000000000000000e+00 0.000000000000000000e+00
0.000000000000000000e+00 0.000000000000000000e+00
0.000000000000000000e+00 0.000000000000000000e+00
0.000000000000000000e+00 0.000000000000000000e+00
0.000000000000000000e+00 0.000000000000000000e+00
0.000000000000000000e+00 0.000000000000000000e+00
0.000000000000000000e+00 0.000000000000000000e+00
0.000000000000000000e+00 0.000000000000000000e+00
0.000000000000000000e+00 0.000000000000000000e+00
0.000000000000000000e+00 0.000000000000000000e+00
0.000000000000000000e+00 0.000000000000000000e+00
0.000000000000000000e+00 0.000000000000000000e+00
